2887,54521,132
2887,54521,136
5951,56102,970
7291,56992,176
6714,56447,514
266,51630,571
3367,54998,425
3367,54998,443
1190,52670,482
3368,54954,354
3368,54954,359
3368,54954,364
3368,54954,381
3368,54954,389
3114,54773,177
3373,54940,376
885,52379,68
6112,56191,590
3109,54833,413
3109,54833,417
3109,54833,419
3109,54833,423
3109,54833,427
3109,54833,434
3109,54833,465
3109,54833,466
3373,54940,398
1990,53472,459
6963,56724,760
469,51913,481
2123,53793,553
2424,54448,322
12544,58928,119
4876,55679,694
2745,54231,545
7333,56686,652
7333,56686,668
2745,54231,604
4571,55629,784
884,52374,100
5473,56033,696
304,51609,370
304,51609,398
304,51609,399
11652,58484,941
2122,54178,59
2122,54178,96
2122,54178,102
2122,54178,137
2749,54241,287
2749,54241,289
471,51924,339
2112,53534,634
2629,54087,400
2629,54087,407
2629,54087,415
2629,54087,426
2629,54087,434
2629,54087,435
2629,54087,443
3329,54970,138
3329,54970,140
3329,54970,142
3329,54970,154
3329,54970,160
3329,54970,167
3329,54970,175
3329,54970,176
3329,54970,182
2917,54556,61
2917,54556,89
2917,54556,97
2917,54556,99
2917,54556,110
2917,54556,122
4628,55646,176
328,52282,60
2417,53766,29
3362,54939,71
3362,54939,81
5486,56030,90
1188,52650,580
7027,56448,609
7027,56448,628
2727,54414,2
2727,54414,29
3106,54738,50
3362,54939,225
3362,54939,244
3362,54939,269
2744,54272,441
2744,54272,447
1810,53794,295
1810,53794,327
2351,53786,537
2351,53786,538
2418,53794,205
2418,53794,233
621,52055,510
3112,54802,318
3112,54802,347
10230,58224,716
1201,52674,263
1373,53063,223
1373,53063,230
1373,53063,237
740,52263,440
740,52263,470
740,52263,478
267,51608,605
1815,53884,16
2749,54241,232
2298,53737,410
2298,53737,429
2298,53737,461
2298,53737,496
2799,54368,303
2799,54368,317
2799,54368,326
2799,54368,345
2799,54368,352
2799,54368,359
2799,54368,362
2799,54368,366
2799,54368,369
2799,54368,379
2799,54368,395
2799,54368,398
2799,54368,401
2799,54368,403
6131,56211,230
2421,54153,102
4403,55536,144
1677,53148,300
4075,55352,992
4201,55443,188
4096,55501,974
5069,56211,309
5992,56066,140
5992,56066,143
3172,54863,3
3172,54863,18
3172,54863,20
3172,54863,25
3172,54863,35
3172,54863,44
3172,54863,65
3172,54863,82
3172,54863,83
3151,54804,344
10728,58248,547
8864,57428,402
2394,54551,527
2394,54551,575
3866,55623,154
7333,56686,485
2120,53852,567
2428,53801,224
7761,58071,266
3805,55269,882
829,52296,71
2049,53350,152
7877,56898,894
3677,55205,686
3121,54749,265
3121,54749,268
3327,54951,471
3327,54951,481
3327,54951,484
3327,54951,501
3327,54951,508
741,52261,182
741,52261,219
741,52261,234
741,52261,274
7405,57134,592
8526,57898,882
2322,53727,258
2322,53727,264
2322,53727,320
5132,55858,17
10467,58138,341
6430,56299,930
3227,54893,88
3227,54893,90
3227,54893,109
3227,54893,110
3227,54893,113
7686,57015,88
2729,54419,617
6112,56191,640
8224,57378,864
2560,54205,415
2560,54205,429
2560,54205,434
2560,54205,438
2560,54205,452
2560,54205,461
2560,54205,473
2560,54205,476
2560,54205,519
1345,52814,524
1345,52814,543
7330,56684,849
7330,56684,897
7330,56684,941
7330,56684,955
11329,58426,787
2090,53463,358
2090,53463,424
2462,54561,399
2462,54561,414
2462,54561,416
2462,54561,425
2462,54561,453
2462,54561,464
2462,54561,474
2462,54561,475
2462,54561,480
2462,54561,493
2462,54561,503
885,52379,555
8276,57067,739
4839,55703,766
1473,52908,215
3374,54948,249
3374,54948,254
3374,54948,278
3374,54948,292
3374,54948,410
3374,54948,411
3374,54948,417
3374,54948,424
3374,54948,439
3374,54948,442
3374,54948,450
3374,54948,452
3374,54948,464
3374,54948,466
3374,54948,498
3374,54948,517
3374,54948,520
3110,54747,510
3362,54939,397
3362,54939,416
3362,54939,422
3362,54939,425
3362,54939,443
3105,54825,473
3105,54825,481
3105,54825,487
3105,54825,491
3105,54825,504
5471,56034,316
7084,56624,120
2429,53799,381
7332,56683,27
7332,56683,42
4073,55663,966
4380,55857,794
4380,55857,867
5436,56015,758
1394,53108,483
8505,57834,664
2915,54497,496
8526,57898,696
1474,52933,533
1474,52933,551
6430,56299,757
7330,56684,7
3227,54893,80
3227,54893,82
3821,55535,559
5487,55982,906
5487,55982,952
7029,56455,229
7029,56455,255
7029,56455,273
1499,53001,105
1499,53001,157
2729,54419,627
2729,54419,628
2739,54618,27
2739,54618,59
2739,54618,86
976,52413,462
976,52413,470
976,52413,474
976,52413,482
3227,54893,237
2949,54557,178
6296,56219,512
2323,54380,539
2323,54380,564
1802,53885,140
1188,52650,155
268,51633,298
8731,57416,176
885,52379,35
885,52379,47
2422,54096,329
2422,54096,362
8279,57063,786
5794,56282,190
2085,53379,410
2397,53763,96
2397,53763,99
2397,53763,101
2423,54149,134
2423,54149,162
2423,54149,177
3380,54977,169
3380,54977,171
3380,54977,178
3380,54977,180
3380,54977,190
8872,57422,8
1735,53035,616
7761,58071,724
6627,56369,270
2697,54389,137
2697,54389,143
2697,54389,169
2697,54389,172
2697,54389,203
2697,54389,217
1190,52670,508
1190,52670,541
3246,54939,602
3246,54939,608
3246,54939,614
3246,54939,625
3247,54888,19
3247,54888,20
3247,54888,24
3247,54888,27
3247,54888,41
3247,54888,59
3247,54888,66
2858,54498,447
4711,55737,208
1953,53358,385
1475,52903,216
830,52293,361
2420,54086,399
3868,55360,880
2826,54389,176
2826,54389,198
2826,54389,203
2826,54389,219
4995,55739,204
4296,55499,612
2536,53883,603
976,52413,153
976,52413,204
976,52413,211
1625,53140,571
8208,57430,530
3189,54833,3
3189,54833,60
3189,54833,82
3766,55213,652
3766,55213,682
8208,57430,638
1626,53472,304
3227,54893,357
3227,54893,363
2110,53467,129
4263,55484,704
3105,54825,161
3105,54825,166
1188,52650,63
791,52435,226
1197,52668,575
8735,58133,716
1803,54152,142
1803,54152,146
2110,53467,214
3367,54998,151
7315,56685,976
3377,54950,18
3377,54950,22
3377,54950,23
1808,54176,500
1808,54176,538
4569,55631,446
9177,58044,635
5355,56009,467
2123,53793,192
7644,57327,233
6020,56087,260
1373,53063,390
3327,54951,186
3327,54951,210
3327,54951,218
3327,54951,236
3327,54951,239
3327,54951,241
3327,54951,252
3327,54951,275
3327,54951,282
5487,55982,338
933,52642,625
2240,53823,5
2240,53823,8
2240,53823,10
2560,54205,190
3328,54964,113
3328,54964,117
3328,54964,178
3328,54964,189
3328,54964,200
3328,54964,204
8506,57893,88
5408,56038,444
2916,54507,566
2916,54507,606
3785,55273,276
5951,56102,570
4009,55648,168
6171,56311,473
6207,56239,879
1908,53239,359
1908,53239,361
1908,53239,363
1908,53239,366
1908,53239,375
1908,53239,387
1908,53239,391
1908,53239,395
1908,53239,396
1908,53239,397
1908,53239,408
1908,53239,410
1908,53239,416
1908,53239,427
1908,53239,434
1908,53239,435
1908,53239,442
1908,53239,456
7635,56979,530
3112,54802,601
3112,54802,602
3112,54802,627
5489,55990,686
6114,56209,740
2426,53795,12
2426,53795,13
3116,54792,565
3116,54792,595
9176,58080,806
4731,55656,334
2624,54380,538
2624,54380,559
2624,54380,561
1735,53035,335
6597,56304,86
2297,53738,146
2696,54167,632
11085,58462,522
5714,56660,694
5714,56660,718
891,52584,545
891,52584,546
891,52584,558
891,52584,565
5187,56074,278
1709,53533,465
512,51992,312
1581,53149,100
1581,53149,119
2826,54389,95
2826,54389,97
3188,54831,422
3188,54831,427
3188,54831,434
3188,54831,435
3188,54831,445
3188,54831,467
3188,54831,484
3188,54831,507
3188,54831,510
327,52294,248
327,52294,264
327,52294,278
5865,56067,946
1291,52738,227
975,52411,518
975,52411,525
975,52411,592
1264,52707,212
1027,52557,65
3807,55511,276
742,52263,415
742,52263,419
2948,54553,394
2267,53713,433
4075,55352,888
2826,54389,379
2826,54389,391
2826,54389,393
2826,54389,400
2826,54389,411
2826,54389,421
2826,54389,448
2826,54389,450
2826,54389,455
2826,54389,458
2401,53768,628
2401,53768,629
2401,53768,630
2401,53768,636
2402,54176,9
5491,56034,94
5491,56034,143
1198,52669,63
10721,58288,216
10721,58288,220
1803,54152,568
1803,54152,598
1803,54152,613
3106,54738,362
1188,52650,110
3105,54825,190
3105,54825,221
3105,54825,226
10720,58250,480
3105,54825,582
6110,56279,513
3387,54951,445
3387,54951,447
3387,54951,458
3387,54951,472
3387,54951,484
4568,55600,956
1501,53740,504
275,51910,345
275,51910,361
2656,54484,535
1372,53062,530
2086,53401,475
2086,53401,485
2086,53401,518
2086,53401,557
1766,53468,192
1766,53468,257
1766,53468,267
8526,57898,224
6529,56535,844
274,51913,505
1506,53003,582
1804,53886,388
1804,53886,473
2419,54139,354
2122,54178,231
1474,52933,380
1474,52933,419
1474,52933,425
1108,53227,516
4025,55350,574
3806,55505,726
3109,54833,317
3109,54833,319
3109,54833,320
3109,54833,331
3109,54833,341
3109,54833,345
3109,54833,347
3109,54833,356
3109,54833,361
3109,54833,380
3109,54833,399
916,52378,435
916,52378,481
916,52378,489
1926,53317,405
1926,53317,498
4403,55536,546
2300,53682,108
2300,53682,134
2300,53682,146
2300,53682,150
2300,53682,152
2300,53682,154
714,52201,460
4382,55742,806
1508,52944,445
274,51913,284
266,51630,15
1495,52944,29
1495,52944,58
9170,58048,32
5486,56030,4
2945,54505,548
7404,56776,738
276,51909,12
1990,53472,542
469,51913,542
6150,56187,844
6150,56187,940
3390,54945,165
3390,54945,179
3390,54945,185
3390,54945,188
3390,54945,199
3390,54945,218
3390,54945,236
3390,54945,237
3390,54945,247
3390,54945,255
3390,54945,259
5800,56279,783
7452,56745,918
7452,56745,947
1395,52825,44
1395,52825,55
1395,52825,94
2657,54502,156
2657,54502,162
2657,54502,163
2657,54502,224
2657,54502,240
3227,54893,51
3227,54893,52
3227,54893,59
3227,54893,64
3227,54893,69
3227,54893,72
5735,55980,454
1676,53147,559
1676,53147,595
1676,53147,608
1676,53147,625
1677,53148,5
2149,54509,595
2150,54510,6
2150,54510,30
7052,56539,5
2299,53711,520
2299,53711,529
2299,53711,531
2299,53711,532
2299,53711,533
2299,53711,538
2299,53711,548
2299,53711,554
2299,53711,568
2299,53711,626
2299,53711,637
2300,53682,1
2300,53682,22
2300,53682,23
2300,53682,28
2300,53682,36
1192,52649,418
2401,53768,152
2401,53768,159
2325,54082,18
2325,54082,49
7424,57160,60
881,52368,333
881,52368,363
4565,55591,964
2724,54616,47
3362,54939,2
3362,54939,55
7333,56686,854
887,52376,432
887,52376,446
887,52376,477
2743,54259,407
2743,54259,438
8280,57061,465
2428,53801,508
740,52263,36
2945,54505,492
2945,54505,509
2945,54505,520
2945,54505,530
2945,54505,536
2945,54505,541
2945,54505,546
5489,55990,768
5489,55990,786
5489,55990,808
888,52339,163
4259,55501,149
5798,56326,262
5798,56326,298
3384,54948,219
3384,54948,220
3384,54948,255
2118,53820,56
1394,53108,544
1051,52468,593
1051,52468,608
2398,53768,20
2398,53768,27
470,51929,326
10263,58464,418
10263,58464,481
1953,53358,289
1953,53358,295
1953,53358,336
1953,53358,345
2886,54498,288
741,52261,443
2420,54086,309
513,51989,173
2169,53556,280
2149,54509,330
2149,54509,427
4361,55831,486
4361,55831,506
2858,54498,631
2858,54498,634
2858,54498,640
2859,54570,34
2859,54570,36
2859,54570,44
5069,56211,100
5971,56064,92
5971,56064,150
2595,54207,387
2595,54207,434
3294,54918,70
3294,54918,76
11329,58426,732
11546,58488,526
11546,58488,564
2402,54176,87
2402,54176,95
2402,54176,101
5470,56008,586
1473,52908,103
2728,54416,589
2728,54416,594
2728,54416,626
3384,54948,271
3384,54948,296
3384,54948,312
3386,54952,356
3386,54952,365
3386,54952,376
3386,54952,382
3386,54952,394
3386,54952,395
8736,57400,67
2914,54533,488
2914,54533,505
2914,54533,509
2914,54533,515
2914,54533,520
2914,54533,528
2914,54533,532
2914,54533,562
2914,54533,569
2914,54533,572
2914,54533,588
3122,54821,308
3122,54821,314
3122,54821,354
2352,53770,225
2352,53770,226
2049,53350,394
2049,53350,425
2049,53350,462
2049,53350,471
7329,56719,552
4509,55574,927
2427,53815,353
3952,55330,718
3952,55330,772
3952,55330,805
3106,54738,530
5286,56225,550
6792,56432,46
2915,54497,627
2915,54497,628
2915,54497,633
2915,54497,638
2916,54507,4
684,52523,479
7423,57135,3
1992,53466,433
2628,54326,293
2628,54326,294
1767,53436,610
8527,57897,228
2354,53799,36
2323,54380,30
2323,54380,45
2323,54380,58
2323,54380,64
2323,54380,70
831,52294,223
4229,55501,268
792,52353,435
7029,56455,470
1499,53001,304
1499,53001,357
2354,53799,370
2354,53799,385
976,52413,632
977,52410,9
977,52410,23
3367,54998,264
3367,54998,271
3367,54998,281
3367,54998,300
3367,54998,306
5470,56008,748
828,52317,133
5796,56274,628
4786,55651,528
2351,53786,595
11324,58395,260
7316,56710,672
7316,56710,708
7316,56710,735
1814,54555,230
2915,54497,407
3123,54741,124
3123,54741,125
3123,54741,134
3123,54741,155
3123,54741,166
3123,54741,167
2298,53737,124
6530,56537,254
6530,56537,270
2947,54533,140
2947,54533,161
7584,56957,330
5473,56033,971
2049,53350,514
2049,53350,522
2049,53350,528
2049,53350,560
2049,53350,566
2049,53350,578
4296,55499,426
10758,58220,744
1345,52814,173
1345,52814,220
5951,56102,210
4443,55539,342
916,52378,531
916,52378,533
916,52378,549
916,52378,553
916,52378,579
916,52378,594
6112,56191,992
10740,58223,403
8208,57430,778
6472,56362,758
2187,54270,259
2187,54270,261
2187,54270,263
2187,54270,278
2187,54270,281
2187,54270,284
2187,54270,287
2187,54270,292
2187,54270,304
2187,54270,309
2187,54270,320
2187,54270,328
2187,54270,341
2187,54270,345
2187,54270,354
1486,52993,341
1486,52993,352
1486,52993,369
7880,57336,240
7880,57336,276
2402,54176,187
7635,56979,33
1707,53885,581
2295,53734,639
2945,54505,278
2945,54505,284
2945,54505,285
2945,54505,305
2945,54505,310
2945,54505,329
2945,54505,357
2945,54505,360
2945,54505,361
2945,54505,366
2945,54505,368
3367,54998,624
3367,54998,631
1804,53886,11
2109,53468,184
266,51630,82
3380,54977,519
3380,54977,534
3380,54977,538
3380,54977,539
3380,54977,544
3380,54977,557
3380,54977,560
2746,54232,453
3386,54952,138
4380,55857,706
7643,57302,824
1372,53062,621
1343,52790,335
6019,56074,834
3386,54952,569
3386,54952,580
3386,54952,592
274,51913,360
274,51913,397
1190,52670,308
1190,52670,385
8277,57073,664
2087,53415,239
11341,58428,533
6020,56087,878
6020,56087,914
2729,54419,127
2729,54419,135
2729,54419,145
2729,54419,161
2729,54419,162
2729,54419,164
2729,54419,172
2729,54419,177
2729,54419,193
2729,54419,224
2536,53883,184
2536,53883,241
2536,53883,274
7339,56782,876
1264,52707,262
1264,52707,265
2699,54414,300
2699,54414,312
2699,54414,343
7259,56603,443
5378,56011,838
3294,54918,538
3294,54918,583
3294,54918,586
3294,54918,613
3294,54918,625
6373,56298,250
608,52081,153
11653,58526,848
1707,53885,520
3109,54833,594
3368,54954,436
3368,54954,441
3368,54954,443
7636,56989,916
7329,56719,782
2296,53735,389
4095,55497,106
4095,55497,144
2624,54380,314
2624,54380,316
2624,54380,330
2624,54380,355
890,52583,539
1506,53003,76
4471,55617,312
1765,53466,571
1765,53466,613
7877,56898,734
2086,53401,256
2086,53401,266
2086,53401,340
5472,55976,726
5472,55976,730
5472,55976,732
3123,54741,36
3123,54741,40
3123,54741,56
7035,56568,844
2915,54497,334
2915,54497,344
2915,54497,382
511,52636,355
1507,53763,118
1507,53763,132
2420,54086,10
7028,56449,759
7028,56449,768
7028,56449,769
3690,55182,252
5356,55979,938
2886,54498,621
439,51877,270
4361,55831,896
1908,53239,5
2215,53793,96
3151,54804,231
