plate,mjd,fiberid
1188,1188,1188
1188,52650,478
3362,54939,505
3362,54939,511
3362,54939,516
3362,54939,552
5179,55957,564
2418,53794,388
2418,53794,405
2418,53794,424
2418,53794,425
2418,53794,431
3110,54747,519
3110,54747,530
3110,54747,533
10230,58224,119
2742,54233,31
2742,54233,82
1372,53062,179
1372,53062,231
277,51908,637
11343,58430,461
2727,54414,437
2727,54414,473
2727,54414,479
7316,56710,323
3866,55623,748
3866,55623,790
7333,56686,100
7333,56686,137
3380,54977,398
3380,54977,404
3380,54977,405
3380,54977,419
3380,54977,425
3380,54977,433
2418,53794,560
2418,53794,570
2418,53794,608
2418,53794,621
2418,53794,622
4975,56037,204
4074,55679,640
2297,53738,506
2297,53738,524
2297,53738,526
2297,53738,532
2266,53679,481
2266,53679,503
2266,53679,562
3292,54943,570
3292,54943,576
3292,54943,585
3292,54943,596
3292,54943,602
3292,54943,604
3292,54943,618
3292,54943,626
3292,54943,632
3292,54943,634
3292,54943,638
3293,54921,7
3293,54921,17
3293,54921,18
3293,54921,29
470,51929,452
470,51929,480
470,51929,487
1108,53227,345
7422,56799,468
7422,56799,552
4842,55867,978
3957,55664,394
2430,53815,462
2751,54243,88
5801,56328,930
827,52312,566
509,52374,293
269,51910,55
3105,54825,404
3105,54825,406
3105,54825,410
3105,54825,412
3105,54825,431
3105,54825,433
3105,54825,441
3105,54825,444
3105,54825,446
1811,53533,586
7333,56686,1000
5796,56274,544
7638,56981,339
1500,53730,168
1189,52668,144
2743,54259,14
2423,54149,250
2423,54149,281
2423,54149,293
7331,56658,974
894,52615,24
2744,54272,185
3380,54977,59
3380,54977,65
3380,54977,81
3380,54977,85
3380,54977,89
3380,54977,96
3380,54977,102
3380,54977,105
3380,54977,106
3380,54977,107
2424,54448,387
2424,54448,409
2122,54178,589
2118,53820,65
2118,53820,88
2627,54379,238
2627,54379,246
2627,54379,278
2627,54379,304
5131,55835,166
1190,52670,576
1190,52670,599
7636,56989,832
2798,54397,495
2798,54397,497
2798,54397,501
2798,54397,534
2798,54397,541
2798,54397,547
2798,54397,548
2798,54397,551
2798,54397,566
2798,54397,570
2798,54397,576
2798,54397,577
2798,54397,579
2798,54397,581
2798,54397,585
2798,54397,593
2798,54397,595
2798,54397,597
1000,52643,405
1000,52643,408
3227,54893,12
3227,54893,13
3227,54893,16
8054,57194,102
2417,53766,63
2417,53766,74
2417,53766,78
2417,53766,79
2417,53766,120
2422,54096,386
2422,54096,397
2422,54096,399
2422,54096,421
3111,54800,155
3111,54800,171
3111,54800,193
3111,54800,203
2424,54448,426
2424,54448,476
3386,54952,34
3386,54952,36
3386,54952,40
3386,54952,43
3386,54952,44
3386,54952,55
3386,54952,58
3386,54952,61
8060,57894,522
8060,57894,536
7638,56981,119
4508,55600,910
5472,55976,238
304,51609,219
3114,54773,602
3114,54773,606
3114,54773,618
3114,54773,626
10262,58543,979
11047,58424,896
5473,56033,264
1766,53468,553
1766,53468,590
1766,53468,618
1766,53468,634
3368,54954,473
3368,54954,475
3368,54954,476
3368,54954,477
3368,54954,518
3368,54954,537
3368,54954,538
3368,54954,546
3368,54954,558
3368,54954,561
7317,56992,299
2798,54397,610
2798,54397,626
2798,54397,630
2798,54397,633
2798,54397,636
2799,54368,7
2799,54368,9
2799,54368,20
2799,54368,32
2799,54368,51
2799,54368,60
2799,54368,67
7642,57651,603
381,51811,2
381,51811,47
2628,54326,362
2628,54326,380
3328,54964,19
3328,54964,21
3328,54964,23
3328,54964,25
573,52325,575
573,52325,578
3105,54825,62
3105,54825,73
3105,54825,82
3105,54825,100
3105,54825,113
1803,54152,199
1803,54152,202
3367,54998,205
3367,54998,213
3367,54998,228
3367,54998,236
3367,54998,243
3367,54998,250
2727,54414,212
2727,54414,218
2727,54414,225
2727,54414,230
2727,54414,253
7329,56719,730
7329,56719,735
4840,55690,470
3105,54825,232
3105,54825,233
3105,54825,250
3105,54825,261
3105,54825,273
3105,54825,274
3105,54825,283
4840,55690,886
2397,53763,10
2397,53763,15
2397,53763,19
2397,53763,35
2397,53763,36
2397,53763,39
2397,53763,40
2397,53763,44
2397,53763,56
2397,53763,59
2397,53763,70
2397,53763,75
2397,53763,95
11634,58484,30
1189,52668,405
10262,58543,734
7032,56471,326
889,52663,269
889,52663,292
2748,54234,398
1199,52703,520
1343,52790,551
1343,52790,573
1343,52790,584
1343,52790,603
1343,52790,612
2593,54175,626
9178,58081,562
3390,54945,58
3390,54945,102
5406,55955,901
2627,54379,351
2627,54379,443
6323,56189,852
5407,55926,31
2697,54389,283
2697,54389,335
2697,54389,341
3121,54749,276
3121,54749,281
3121,54749,318
11285,58402,688
2624,54380,113
2624,54380,155
2624,54380,164
2624,54380,172
1372,53062,13
3326,54943,64
3326,54943,96
3326,54943,101
3326,54943,111
3326,54943,120
3326,54943,134
3326,54943,136
3326,54943,145
2728,54416,244
2728,54416,291
2419,54139,346
3326,54943,329
3326,54943,338
5471,56034,610
7331,56658,752
2915,54497,83
2915,54497,87
2915,54497,96
2915,54497,109
2915,54497,133
2429,53799,481
2429,53799,482
3388,54947,577
2594,54177,91
5047,55833,364
470,51929,345
6020,56087,80
3226,54857,565
3226,54857,568
3226,54857,581
3226,54857,584
3226,54857,585
3226,54857,598
3226,54857,609
3226,54857,615
3226,54857,622
3226,54857,623
3226,54857,635
3226,54857,638
3227,54893,9
2535,54632,607
3388,54947,17
3388,54947,27
3388,54947,28
3388,54947,60
3388,54947,81
3388,54947,84
3388,54947,87
3388,54947,89
3388,54947,110
3388,54947,119
3388,54947,126
3388,54947,127
3765,55508,724
2536,53883,70
2536,53883,122
3293,54921,405
3293,54921,414
3293,54921,420
3293,54921,422
3293,54921,427
3293,54921,458
3293,54921,460
3293,54921,467
3293,54921,470
3293,54921,485
2595,54207,38
2595,54207,49
2595,54207,66
2417,53766,382
2417,53766,383
2417,53766,391
2417,53766,399
3105,54825,527
3105,54825,544
3105,54825,555
3105,54825,557
3105,54825,562
2109,53468,570
2724,54616,160
2724,54616,164
3368,54954,23
3368,54954,31
3368,54954,46
3368,54954,48
3368,54954,60
6408,56329,261
8729,57399,147
4872,55944,182
2422,54096,478
7642,57651,781
8505,57834,82
740,52263,51
740,52263,69
740,52263,151
740,52263,159
3123,54741,481
3123,54741,482
3123,54741,483
3123,54741,495
3123,54741,512
3123,54741,520
5493,56009,694
7316,56710,534
2111,53467,223
3121,54749,109
3121,54749,119
582,52045,549
6047,56098,204
8526,57898,314
3678,55208,14
8061,58253,57
8061,58253,62
1052,52466,400
2697,54389,489
2697,54389,508
1882,53262,396
1882,53262,399
1882,53262,456
1882,53262,488
2799,54368,88
2799,54368,116
2799,54368,119
2799,54368,134
2799,54368,137
2799,54368,141
2799,54368,142
2799,54368,144
2799,54368,150
2799,54368,159
2799,54368,164
2799,54368,165
2799,54368,177
2799,54368,180
2799,54368,183
3171,54862,176
3171,54862,179
3171,54862,200
3171,54862,262
3171,54862,280
5950,56211,984
4361,55831,210
12545,58930,700
3116,54792,620
1990,53472,19
1990,53472,113
2296,53735,57
2296,53735,91
7030,56448,841
8280,57061,164
8280,57061,210
2117,54115,128
8871,57519,762
8738,57402,753
2750,54242,92
2750,54242,106
2750,54242,114
4508,55600,792
4508,55600,855
5472,55976,34
5472,55976,42
2744,54272,328
2744,54272,337
574,52355,321
574,52355,325
2121,54180,13
2798,54397,153
2798,54397,163
2798,54397,186
2798,54397,188
2798,54397,195
2798,54397,196
2798,54397,202
2798,54397,203
2798,54397,204
2798,54397,210
2798,54397,214
2798,54397,220
2798,54397,223
2798,54397,228
2798,54397,232
2798,54397,237
2798,54397,248
2798,54397,250
2798,54397,256
2798,54397,257
2798,54397,261
8767,57310,815
275,51910,382
275,51910,413
5377,55957,830
8432,57834,737
5407,55926,613
2322,53727,129
2322,53727,131
792,52353,150
792,52353,158
2799,54368,185
2799,54368,186
2799,54368,196
2799,54368,197
2799,54368,203
2799,54368,204
2799,54368,210
2799,54368,222
2799,54368,230
2799,54368,239
2799,54368,241
2799,54368,255
2799,54368,256
2799,54368,261
2799,54368,267
2799,54368,270
2799,54368,288
2799,54368,295
3386,54952,237
3386,54952,246
3386,54952,252
3386,54952,271
3386,54952,273
3386,54952,322
3386,54952,330
2746,54232,625
2747,54233,89
3952,55330,586
8277,57073,576
2728,54416,77
2728,54416,95
2728,54416,104
2728,54416,107
3106,54738,364
3106,54738,373
3106,54738,375
3106,54738,380
3106,54738,390
3114,54773,522
469,51913,143
469,51913,144
469,51913,145
469,51913,158
469,51913,169
469,51913,213
2086,53401,43
7316,56710,184
6626,56330,571
2743,54259,634
6715,56449,152
5794,56282,706
582,52045,453
3387,54951,214
3387,54951,238
3387,54951,247
3387,54951,260
3390,54945,124
3390,54945,131
3390,54945,133
3390,54945,138
3390,54945,140
3390,54945,150
3122,54821,562
3122,54821,573
3122,54821,574
3122,54821,575
3122,54821,581
3122,54821,608
3122,54821,634
277,51908,530
277,51908,533
277,51908,561
4731,55656,926
1991,53446,512
1991,53446,522
1991,53446,555
6831,56426,952
6831,56426,966
1432,53003,60
2353,53794,61
438,51884,375
438,51884,383
8526,57898,575
2398,53768,532
2487,53852,462
6750,56367,796
2858,54498,550
11113,58425,603
7386,56769,708
7737,57722,46
685,52203,129
5486,56030,574
2417,53766,478
2417,53766,494
2417,53766,512
2417,53766,520
7027,56448,857
2724,54616,63
2724,54616,67
3362,54939,119
3362,54939,128
3362,54939,135
3373,54940,564
3373,54940,566
3373,54940,588
266,51630,197
1813,53903,338
1813,53903,344
582,52045,5
582,52045,48
582,52045,56
582,52045,59
582,52045,78
582,52045,82
277,51908,5
277,51908,56
584,52049,42
584,52049,47
3377,54950,214
3377,54950,235
3377,54950,237
3377,54950,244
2423,54149,344
2627,54379,5
2627,54379,6
1708,53503,595
1708,53503,618
1708,53503,621
6626,56330,932
7452,56745,536
438,51884,70
438,51884,96
438,51884,109
438,51884,142
2728,54416,203
2728,54416,207
2728,54416,216
2728,54416,230
7316,56710,896
2749,54241,86
3387,54951,552
3387,54951,561
3387,54951,564
3387,54951,575
3387,54951,576
3387,54951,578
3387,54951,593
3387,54951,596
3387,54951,602
3387,54951,604
3387,54951,605
3387,54951,608
3387,54951,623
3387,54951,624
3387,54951,625
3388,54947,4
933,52642,508
2214,53794,40
2214,53794,76
2322,53727,568
2322,53727,605
607,52368,157
607,52368,159
607,52368,226
607,52368,232
2418,53794,133
2418,53794,146
2418,53794,152
2418,53794,168
3367,54998,370
3367,54998,377
3367,54998,388
3367,54998,400
3367,54998,419
2420,54086,251
3362,54939,458
3362,54939,468
3380,54977,232
3380,54977,266
3380,54977,273
3380,54977,277
4570,55623,222
11051,58510,200
3387,54951,161
3387,54951,162
3387,54951,169
3387,54951,175
3387,54951,195
3387,54951,198
10230,58224,88
6717,56397,292
6410,56336,480
895,52581,148
2750,54242,8
890,52583,17
890,52583,37
890,52583,47
890,52583,62
3384,54948,314
3384,54948,315
3384,54948,324
3384,54948,333
3384,54948,364
304,51609,315
304,51609,363
1506,53003,443
2428,53801,418
2428,53801,420
2428,53801,428
2428,53801,439
2428,53801,464
3123,54741,182
3123,54741,185
3123,54741,199
3123,54741,215
3123,54741,225
3123,54741,241
3123,54741,253
3123,54741,254
3123,54741,273
1815,53884,205
1815,53884,208
1815,53884,230
1815,53884,249
3388,54947,241
3388,54947,266
3388,54947,268
3388,54947,280
1052,52466,533
6964,56748,800
1052,52466,615
6295,56536,914
1162,52668,173
5474,56036,562
2050,53401,212
2050,53401,216
2050,53401,234
10758,58220,929
2149,54509,511
3122,54821,134
3122,54821,135
3122,54821,138
3122,54821,171
3122,54821,178
3122,54821,188
7643,57302,661
827,52312,633
828,52317,64
509,52374,446
7851,56932,82
2119,53792,520
12533,58931,214
7331,56658,494
269,51910,542
3367,54998,158
3367,54998,165
3367,54998,200
8729,57399,776
4974,56038,915
4974,56038,969
584,52049,205
584,52049,237
888,52339,593
888,52339,599
1709,53533,173
1675,53466,575
2352,53770,302
2352,53770,325
2657,54502,62
2657,54502,81
2419,54139,511
2419,54139,544
2419,54139,595
3121,54749,569
3121,54749,572
3121,54749,576
3121,54749,590
6414,56306,928
1926,53317,125
2560,54205,76
2560,54205,80
2560,54205,94
2560,54205,148
2560,54205,155
2560,54205,196
2560,54205,197
2560,54205,199
2560,54205,200
2560,54205,215
2560,54205,233
2560,54205,253
2560,54205,267
2322,53727,636
2323,54380,2
2323,54380,15
5132,55858,532
8506,57893,164
2628,54326,412
2628,54326,416
2628,54326,422
2628,54326,455
2628,54326,456
2628,54326,466
2628,54326,467
2628,54326,505
2628,54326,506
1992,53466,503
1710,53504,32
2299,53711,21
2299,53711,23
2299,53711,35
2299,53711,39
2418,53794,68
2418,53794,70
2418,53794,87
2418,53794,98
574,52355,208
3951,55681,948
2945,54505,409
2945,54505,418
2945,54505,422
2945,54505,425
2945,54505,435
2945,54505,441
2945,54505,450
2945,54505,456
2945,54505,469
2945,54505,476
3374,54948,305
3374,54948,321
3374,54948,330
3374,54948,338
3374,54948,341
3374,54948,368
3374,54948,398
2421,54153,578
2421,54153,584
2421,54153,630
3384,54948,181
3384,54948,197
889,52663,459
889,52663,480
885,52379,209
7029,56455,499
1708,53503,361
4881,55733,108
7036,56569,138
3170,54859,613
3170,54859,614
3170,54859,617
3170,54859,634
3170,54859,637
3170,54859,639
3171,54862,36
3387,54951,282
3387,54951,290
3387,54951,294
3387,54951,311
3387,54951,346
3387,54951,363
3387,54951,372
2946,54506,531
2946,54506,557
2946,54506,604
2297,53738,407
2297,53738,413
2297,53738,426
7878,57340,642
7289,57039,779
8870,57779,620
7336,56656,152
8207,57431,853
3109,54833,199
3109,54833,207
3109,54833,219
3109,54833,225
3109,54833,236
3109,54833,258
3109,54833,261
3109,54833,268
3109,54833,275
3109,54833,276
3109,54833,278
3109,54833,279
10722,58281,166
2948,54553,169
3390,54945,278
3390,54945,282
3390,54945,301
3390,54945,307
3390,54945,328
3390,54945,335
3390,54945,337
3390,54945,358
3390,54945,365
8739,57645,216
3105,54825,1
3105,54825,9
3105,54825,22
3105,54825,24
3105,54825,31
3105,54825,36
3105,54825,42
3951,55681,260
8054,57194,222
4095,55497,8
2394,54551,606
2394,54551,619
3106,54738,147
3106,54738,149
3106,54738,153
3106,54738,158
2085,53379,522
2085,53379,529
2397,53763,211
2397,53763,217
2397,53763,219
10228,58223,120
4878,55710,986
3115,54793,527
3115,54793,543
3115,54793,551
3115,54793,557
11047,58424,184
1197,52668,204
1197,52668,214
1197,52668,218
1197,52668,238
2594,54177,219
2915,54497,179
2915,54497,181
2915,54497,184
2915,54497,211
2915,54497,213
2915,54497,239
2915,54497,251
2915,54497,259
2915,54497,262
2915,54497,280
894,52615,389
10728,58248,75
2297,53738,604
2297,53738,623
2297,53738,633
3327,54951,298
3327,54951,324
3327,54951,326
3327,54951,341
2322,53727,168
2322,53727,171
2322,53727,183
2322,53727,195
3953,55322,76
2398,53768,633
2399,53764,44
2399,53764,47
512,51992,355
6442,56369,852
2240,53823,175
3752,55236,96
5800,56279,962
2429,53799,105
2429,53799,149
2429,53799,190
9170,58048,831
3106,54738,164
3106,54738,167
2727,54414,303
2727,54414,306
2727,54414,324
2727,54414,359
5377,55957,376
884,52374,482
884,52374,488
3373,54940,217
3373,54940,220
3373,54940,226
3373,54940,252
886,52381,463
4261,55503,896
6413,56336,474
7328,56715,867
574,52355,236
2397,53763,328
2397,53763,331
2397,53763,346
2397,53763,351
2397,53763,354
2397,53763,357
2397,53763,364
2397,53763,373
2397,53763,386
2397,53763,391
2397,53763,399
2397,53763,406
2397,53763,417
2085,53379,608
3122,54821,368
3122,54821,388
3122,54821,397
1501,53740,551
1201,52674,48
277,51908,248
277,51908,288
277,51908,304
