8526 ,57898 ,92
6529 ,56535 ,760
3327 ,54951 ,84
3327 ,54951 ,90
3327 ,54951 ,94
3327 ,54951 ,118
3327 ,54951 ,135
3327 ,54951 ,136
3327 ,54951 ,139
3327 ,54951 ,142
3327 ,54951 ,143
3327 ,54951 ,154
3327 ,54951 ,155
3327 ,54951 ,172
3327 ,54951 ,178
5406 ,55955 ,822
5406 ,55955 ,829
5406 ,55955 ,852
2747 ,54233 ,418
2747 ,54233 ,473
4075 ,55352 ,98
7830 ,57043 ,818
1395 ,52825 ,195
1395 ,52825 ,198
8302 ,57389 ,945
2509 ,54180 ,53
3188 ,54831 ,539
1677 ,53148 ,14
3121 ,54749 ,22
8735 ,58133 ,843
3374 ,54948 ,73
3374 ,54948 ,78
3374 ,54948 ,84
3374 ,54948 ,91
3374 ,54948 ,106
3374 ,54948 ,123
11636 ,58462 ,739
7330 ,56684 ,983
8865 ,57426 ,6
1805 ,53875 ,147
1805 ,53875 ,157
3109 ,54833 ,2
6408 ,56329 ,914
4877 ,55707 ,36
2624 ,54380 ,498
2624 ,54380 ,509
510 ,52381 ,76
2696 ,54167 ,235
2696 ,54167 ,247
2696 ,54167 ,261
2419 ,54139 ,37
2419 ,54139 ,38
890 ,52583 ,206
2121 ,54180 ,100
1581 ,53149 ,20
1581 ,53149 ,62
2750 ,54242 ,512
5492 ,56010 ,87
3327 ,54951 ,356
3327 ,54951 ,372
3327 ,54951 ,377
3327 ,54951 ,378
3327 ,54951 ,393
3327 ,54951 ,400
1676 ,53147 ,155
1676 ,53147 ,191
1676 ,53147 ,211
3293 ,54921 ,54
3293 ,54921 ,81
3293 ,54921 ,82
3293 ,54921 ,105
3293 ,54921 ,121
3293 ,54921 ,134
2266 ,53679 ,588
7764 ,58042 ,112
5991 ,56076 ,516
741 ,52261 ,334
1074 ,52937 ,146
3327 ,54951 ,522
3327 ,54951 ,526
3327 ,54951 ,538
3327 ,54951 ,552
3327 ,54951 ,579
3327 ,54951 ,584
3327 ,54951 ,585
3327 ,54951 ,592
3327 ,54951 ,613
3327 ,54951 ,617
3327 ,54951 ,619
2322 ,53727 ,497
2322 ,53727 ,503
2322 ,53727 ,540
4443 ,55539 ,66
2016 ,53799 ,479
5068 ,55749 ,952
2399 ,53764 ,316
2399 ,53764 ,337
2399 ,53764 ,338
2399 ,53764 ,403
6048 ,56072 ,128
2050 ,53401 ,430
3959 ,55679 ,890
3123 ,54741 ,608
3123 ,54741 ,615
2084 ,53360 ,537
2624 ,54380 ,255
2624 ,54380 ,269
2624 ,54380 ,282
2624 ,54380 ,292
7332 ,56683 ,936
7332 ,56683 ,945
8504 ,57518 ,822
7761 ,58071 ,180
3326 ,54943 ,380
3326 ,54943 ,393
3326 ,54943 ,395
3326 ,54943 ,396
3326 ,54943 ,404
3326 ,54943 ,419
3326 ,54943 ,428
3326 ,54943 ,434
3326 ,54943 ,449
3326 ,54943 ,460
3326 ,54943 ,477
3326 ,54943 ,483
1051 ,52468 ,220
2086 ,53401 ,172
2086 ,53401 ,216
1161 ,52703 ,3
5436 ,56015 ,452
889 ,52663 ,43
889 ,52663 ,46
889 ,52663 ,52
889 ,52663 ,58
889 ,52663 ,60
7032 ,56471 ,140
1197 ,52668 ,401
1197 ,52668 ,419
2118 ,53820 ,587
5798 ,56326 ,832
4381 ,55824 ,524
6831 ,56426 ,773
2627 ,54379 ,498
2627 ,54379 ,506
2627 ,54379 ,544
2627 ,54379 ,575
2697 ,54389 ,258
2697 ,54389 ,259
2697 ,54389 ,262
2697 ,54389 ,277
4199 ,55481 ,552
2747 ,54233 ,580
2747 ,54233 ,625
1497 ,52886 ,542
2169 ,53556 ,92
2169 ,53556 ,142
2169 ,53556 ,207
685 ,52203 ,19
975 ,52411 ,307
975 ,52411 ,365
685 ,52203 ,93
1396 ,53112 ,144
2657 ,54502 ,308
2657 ,54502 ,314
2657 ,54502 ,332
2657 ,54502 ,336
2299 ,53711 ,71
2299 ,53711 ,72
2299 ,53711 ,82
2299 ,53711 ,96
2299 ,53711 ,107
2299 ,53711 ,112
2299 ,53711 ,115
2299 ,53711 ,121
2417 ,53766 ,622
2418 ,53794 ,31
8504 ,57518 ,675
1707 ,53885 ,598
3373 ,54940 ,295
3373 ,54940 ,303
3373 ,54940 ,318
1191 ,52674 ,541
2729 ,54419 ,460
2729 ,54419 ,468
2729 ,54419 ,480
2729 ,54419 ,486
2729 ,54419 ,492
8056 ,57186 ,540
1806 ,53559 ,243
1806 ,53559 ,262
1806 ,53559 ,292
828 ,52317 ,398
828 ,52317 ,456
828 ,52317 ,469
828 ,52317 ,494
2417 ,53766 ,289
1802 ,53885 ,359
2397 ,53763 ,112
2397 ,53763 ,113
2397 ,53763 ,131
2397 ,53763 ,135
2397 ,53763 ,152
2397 ,53763 ,154
2397 ,53763 ,159
2397 ,53763 ,161
2397 ,53763 ,162
2397 ,53763 ,166
2397 ,53763 ,173
2397 ,53763 ,176
2397 ,53763 ,177
2397 ,53763 ,191
2397 ,53763 ,193
2397 ,53763 ,195
2397 ,53763 ,198
2397 ,53763 ,199
2695 ,54409 ,628
2695 ,54409 ,637
2696 ,54167 ,14
1189 ,52668 ,518
1189 ,52668 ,604
1814 ,54555 ,20
1814 ,54555 ,56
5130 ,55835 ,918
1991 ,53446 ,167
2946 ,54506 ,202
2946 ,54506 ,215
2946 ,54506 ,226
5472 ,55976 ,848
5472 ,55976 ,870
2397 ,53763 ,545
2397 ,53763 ,558
2397 ,53763 ,563
2397 ,53763 ,575
2397 ,53763 ,601
2397 ,53763 ,607
2397 ,53763 ,609
2397 ,53763 ,613
2397 ,53763 ,617
2397 ,53763 ,621
2728 ,54416 ,303
3122 ,54821 ,199
3122 ,54821 ,203
3122 ,54821 ,208
1649 ,53149 ,112
4200 ,55499 ,160
2112 ,53534 ,332
1625 ,53140 ,438
2826 ,54389 ,122
10727 ,58197 ,764
2749 ,54241 ,363
3122 ,54821 ,84
3122 ,54821 ,89
3122 ,54821 ,91
3122 ,54821 ,94
3122 ,54821 ,99
3122 ,54821 ,103
10429 ,58145 ,23
2085 ,53379 ,81
2085 ,53379 ,103
4840 ,55690 ,168
3866 ,55623 ,228
273 ,51957 ,1
273 ,51957 ,2
273 ,51957 ,36
3121 ,54749 ,157
3121 ,54749 ,169
3121 ,54749 ,175
3121 ,54749 ,179
7033 ,56565 ,928
8063 ,57576 ,234
1815 ,53884 ,269
1815 ,53884 ,282
1815 ,53884 ,315
1815 ,53884 ,389
4198 ,55480 ,604
1804 ,53886 ,85
1804 ,53886 ,88
1804 ,53886 ,169
10228 ,58223 ,364
2428 ,53801 ,238
2428 ,53801 ,290
2428 ,53801 ,324
2798 ,54397 ,265
2798 ,54397 ,266
2798 ,54397 ,275
2798 ,54397 ,282
2798 ,54397 ,293
2798 ,54397 ,294
2798 ,54397 ,295
2798 ,54397 ,297
2798 ,54397 ,308
2798 ,54397 ,311
2798 ,54397 ,343
2798 ,54397 ,354
2798 ,54397 ,364
582 ,52045 ,321
892 ,52378 ,547
1814 ,54555 ,456
1814 ,54555 ,489
1767 ,53436 ,228
1767 ,53436 ,249
7422 ,56799 ,773
5407 ,55926 ,766
884 ,52374 ,362
2461 ,54570 ,592
2461 ,54570 ,596
2461 ,54570 ,598
2461 ,54570 ,605
2461 ,54570 ,606
2461 ,54570 ,607
2461 ,54570 ,619
2462 ,54561 ,15
2462 ,54561 ,19
2462 ,54561 ,20
2462 ,54561 ,22
2462 ,54561 ,23
2462 ,54561 ,31
2462 ,54561 ,33
2462 ,54561 ,45
11636 ,58462 ,204
4627 ,55626 ,786
8863 ,57724 ,516
3105 ,54825 ,626
3105 ,54825 ,634
3106 ,54738 ,4
3106 ,54738 ,7
9171 ,58068 ,191
3952 ,55330 ,382
5794 ,56282 ,816
8055 ,57187 ,367
7028 ,56449 ,116
3106 ,54738 ,584
3106 ,54738 ,586
1190 ,52670 ,622
3377 ,54950 ,267
3377 ,54950 ,269
3377 ,54950 ,276
3377 ,54950 ,292
7031 ,56449 ,140
6718 ,56398 ,264
1708 ,53503 ,207
1708 ,53503 ,219
2397 ,53763 ,222
2397 ,53763 ,229
2397 ,53763 ,231
2397 ,53763 ,237
2397 ,53763 ,246
2397 ,53763 ,262
2397 ,53763 ,271
2397 ,53763 ,274
2397 ,53763 ,276
2397 ,53763 ,287
2397 ,53763 ,302
1765 ,53466 ,425
1580 ,53145 ,469
1580 ,53145 ,485
1580 ,53145 ,520
1580 ,53145 ,547
270 ,51909 ,403
3112 ,54802 ,204
3112 ,54802 ,208
3112 ,54802 ,213
3112 ,54802 ,223
3112 ,54802 ,240
1675 ,53466 ,530
5493 ,56009 ,68
584 ,52049 ,123
584 ,52049 ,140
5472 ,55976 ,888
3840 ,55574 ,436
275 ,51910 ,487
275 ,51910 ,493
275 ,51910 ,496
1507 ,53763 ,539
2748 ,54234 ,575
2748 ,54234 ,581
2748 ,54234 ,601
4264 ,55506 ,876
8285 ,57048 ,134
8526 ,57898 ,792
5407 ,55926 ,542
7028 ,56449 ,680
11634 ,58484 ,934
3868 ,55360 ,294
1244 ,52674 ,427
5697 ,55944 ,356
8841 ,57425 ,386
6455 ,56370 ,610
7236 ,56605 ,974
4382 ,55742 ,320
439 ,51877 ,350
439 ,51877 ,382
418 ,51817 ,567
1495 ,52944 ,557
2728 ,54416 ,125
2728 ,54416 ,135
2728 ,54416 ,156
2728 ,54416 ,161
883 ,52430 ,399
11336 ,58429 ,156
6113 ,56219 ,422
576 ,52325 ,292
8058 ,57196 ,696
10431 ,58137 ,9
7032 ,56471 ,356
7032 ,56471 ,379
3384 ,54948 ,95
3384 ,54948 ,112
3384 ,54948 ,118
3384 ,54948 ,138
2049 ,53350 ,85
2049 ,53350 ,90
2049 ,53350 ,116
2049 ,53350 ,119
2049 ,53350 ,123
2049 ,53350 ,130
2419 ,54139 ,59
2111 ,53467 ,84
3867 ,55652 ,70
470 ,51929 ,183
933 ,52642 ,350
933 ,52642 ,434
933 ,52642 ,446
1859 ,53177 ,400
581 ,52356 ,467
2430 ,53815 ,91
3387 ,54951 ,516
1992 ,53466 ,85
2627 ,54379 ,611
2627 ,54379 ,614
2627 ,54379 ,625
2628 ,54326 ,18
2628 ,54326 ,22
2628 ,54326 ,39
3327 ,54951 ,412
3327 ,54951 ,418
3327 ,54951 ,429
3327 ,54951 ,434
3327 ,54951 ,435
3327 ,54951 ,453
3327 ,54951 ,457
3327 ,54951 ,458
1344 ,52792 ,345
404 ,51812 ,593
2697 ,54389 ,416
2697 ,54389 ,428
5437 ,55973 ,496
3109 ,54833 ,95
3109 ,54833 ,97
3109 ,54833 ,121
2729 ,54419 ,26
2729 ,54419 ,67
2729 ,54419 ,99
4994 ,55739 ,999
3171 ,54862 ,322
3171 ,54862 ,337
3171 ,54862 ,352
304 ,51609 ,466
8056 ,57186 ,379
2112 ,53534 ,579
831 ,52294 ,50
831 ,52294 ,78
3150 ,54806 ,602
3151 ,54804 ,4
3151 ,54804 ,29
3151 ,54804 ,43
3151 ,54804 ,54
2112 ,53534 ,253
1805 ,53875 ,622
1804 ,53886 ,544
10721 ,58288 ,680
267 ,51608 ,479
2728 ,54416 ,414
2728 ,54416 ,447
2728 ,54416 ,468
3368 ,54954 ,402
574 ,52355 ,61
2797 ,54616 ,459
2797 ,54616 ,469
2797 ,54616 ,475
2797 ,54616 ,477
2797 ,54616 ,478
2797 ,54616 ,490
2797 ,54616 ,492
2797 ,54616 ,493
2797 ,54616 ,495
2797 ,54616 ,497
2797 ,54616 ,500
2797 ,54616 ,501
2797 ,54616 ,503
2797 ,54616 ,521
2797 ,54616 ,522
2797 ,54616 ,537
2797 ,54616 ,538
2797 ,54616 ,539
2797 ,54616 ,541
2797 ,54616 ,566
3110 ,54747 ,341
3110 ,54747 ,387
3388 ,54947 ,485
3388 ,54947 ,503
3388 ,54947 ,504
3388 ,54947 ,505
3388 ,54947 ,533
3388 ,54947 ,546
3388 ,54947 ,553
3388 ,54947 ,562
2946 ,54506 ,253
2946 ,54506 ,258
2946 ,54506 ,283
2946 ,54506 ,296
7150 ,56597 ,904
1395 ,52825 ,5
4198 ,55480 ,996
883 ,52430 ,526
1200 ,52668 ,192
5187 ,56074 ,316
1200 ,52668 ,495
4381 ,55824 ,926
4472 ,55893 ,626
5437 ,55973 ,672
5437 ,55973 ,673
7700 ,58016 ,790
1907 ,53315 ,505
9387 ,58101 ,374
1053 ,52468 ,401
2299 ,53711 ,131
2299 ,53711 ,145
2299 ,53711 ,148
2299 ,53711 ,152
2299 ,53711 ,158
3109 ,54833 ,539
3109 ,54833 ,542
3109 ,54833 ,546
3109 ,54833 ,548
3109 ,54833 ,554
3109 ,54833 ,568
3109 ,54833 ,579
7330 ,56684 ,524
7330 ,56684 ,553
2430 ,53815 ,230
2430 ,53815 ,246
2430 ,53815 ,258
2430 ,53815 ,276
2430 ,53815 ,284
2430 ,53815 ,300
2750 ,54242 ,590
2750 ,54242 ,636
2751 ,54243 ,27
3106 ,54738 ,77
3106 ,54738 ,96
3106 ,54738 ,120
3106 ,54738 ,122
3106 ,54738 ,133
1189 ,52668 ,247
1496 ,52883 ,554
2418 ,53794 ,504
10721 ,58288 ,253
10721 ,58288 ,279
2744 ,54272 ,454
7032 ,56471 ,2
7032 ,56471 ,15
1191 ,52674 ,344
3109 ,54833 ,135
3109 ,54833 ,147
3109 ,54833 ,159
3109 ,54833 ,168
3109 ,54833 ,170
3109 ,54833 ,178
1805 ,53875 ,469
5798 ,56326 ,659
5798 ,56326 ,678
8870 ,57779 ,412
276 ,51909 ,599
6722 ,56431 ,336
3388 ,54947 ,357
3388 ,54947 ,371
3388 ,54947 ,388
3388 ,54947 ,403
3388 ,54947 ,405
3388 ,54947 ,410
7030 ,56448 ,650
7030 ,56448 ,660
277 ,51908 ,141
277 ,51908 ,143
277 ,51908 ,206
3388 ,54947 ,465
3388 ,54947 ,470
3326 ,54943 ,605
3326 ,54943 ,613
3326 ,54943 ,628
3326 ,54943 ,636
3327 ,54951 ,30
3327 ,54951 ,37
3327 ,54951 ,44
4380 ,55857 ,918
7289 ,57039 ,432
276 ,51909 ,109
276 ,51909 ,158
6721 ,56398 ,626
4265 ,55505 ,734
684 ,52523 ,361
684 ,52523 ,429
1624 ,53386 ,543
1624 ,53386 ,558
471 ,51924 ,183
10229 ,58441 ,242
3227 ,54893 ,191
3227 ,54893 ,193
2826 ,54389 ,230
2826 ,54389 ,243
2826 ,54389 ,250
2826 ,54389 ,254
2417 ,53766 ,302
2417 ,53766 ,306
2417 ,53766 ,307
2417 ,53766 ,314
2417 ,53766 ,343
574 ,52355 ,75
11341 ,58428 ,366
3386 ,54952 ,401
3386 ,54952 ,457
3386 ,54952 ,496
3386 ,54952 ,499
9176 ,58080 ,933
2296 ,53735 ,267
1372 ,53062 ,130
1050 ,52721 ,617
2085 ,53379 ,139
2085 ,53379 ,148
2085 ,53379 ,192
4508 ,55600 ,102
12533 ,58931 ,75
2727 ,54414 ,124
2727 ,54414 ,128
3170 ,54859 ,583
3170 ,54859 ,606
3170 ,54859 ,609
3380 ,54977 ,204
2627 ,54379 ,126
2627 ,54379 ,139
2627 ,54379 ,150
2627 ,54379 ,164
2627 ,54379 ,181
2627 ,54379 ,224
2697 ,54389 ,25
2697 ,54389 ,55
2697 ,54389 ,64
2697 ,54389 ,88
2697 ,54389 ,92
2697 ,54389 ,109
2697 ,54389 ,119
438 ,51884 ,158
438 ,51884 ,172
2087 ,53415 ,136
1473 ,52908 ,498
1473 ,52908 ,538
1925 ,53327 ,535
1925 ,53327 ,587
1925 ,53327 ,591
1925 ,53327 ,609
1925 ,53327 ,614
3122 ,54821 ,230
3122 ,54821 ,283
3122 ,54821 ,294
3122 ,54821 ,304
1313 ,52790 ,29
1313 ,52790 ,69
1313 ,52790 ,92
1000 ,52643 ,198
2947 ,54533 ,424
2947 ,54533 ,430
2947 ,54533 ,457
2947 ,54533 ,464
1052 ,52466 ,575
9349 ,58068 ,909
6021 ,56067 ,294
2186 ,54327 ,550
2186 ,54327 ,560
2186 ,54327 ,563
2186 ,54327 ,570
2186 ,54327 ,579
2186 ,54327 ,603
2186 ,54327 ,608
976 ,52413 ,107
976 ,52413 ,112
1313 ,52790 ,590
11653 ,58526 ,701
7027 ,56448 ,700
2747 ,54233 ,263
3121 ,54749 ,39
1813 ,53903 ,21
1813 ,53903 ,51
2624 ,54380 ,188
2624 ,54380 ,201
2624 ,54380 ,208
2624 ,54380 ,211
2624 ,54380 ,238
1189 ,52668 ,328
2797 ,54616 ,568
2797 ,54616 ,574
2797 ,54616 ,597
2797 ,54616 ,598
2797 ,54616 ,603
2797 ,54616 ,604
2797 ,54616 ,611
2797 ,54616 ,612
2797 ,54616 ,614
2797 ,54616 ,616
2797 ,54616 ,626
2797 ,54616 ,632
2797 ,54616 ,640
2798 ,54397 ,6
2798 ,54397 ,7
2798 ,54397 ,10
2798 ,54397 ,30
2798 ,54397 ,33
3122 ,54821 ,417
3122 ,54821 ,418
3122 ,54821 ,437
3122 ,54821 ,440
3122 ,54821 ,450
3122 ,54821 ,454
3122 ,54821 ,469
3122 ,54821 ,475
3122 ,54821 ,502
3122 ,54821 ,522
3122 ,54821 ,529
3380 ,54977 ,460
3380 ,54977 ,480
3380 ,54977 ,482
3380 ,54977 ,490
3380 ,54977 ,491
3380 ,54977 ,499
3650 ,55244 ,200
7830 ,57043 ,365
622 ,52054 ,111
4295 ,55858 ,912
3293 ,54921 ,332
3293 ,54921 ,336
3293 ,54921 ,355
3293 ,54921 ,357
4472 ,55893 ,700
1191 ,52674 ,401
2420 ,54086 ,342
5302 ,55896 ,804
4312 ,55511 ,686
3171 ,54862 ,400
3171 ,54862 ,403
3171 ,54862 ,407
3171 ,54862 ,417
3171 ,54862 ,441
3171 ,54862 ,450
3171 ,54862 ,485
934 ,52672 ,271
934 ,52672 ,279
2214 ,53794 ,631
2215 ,53793 ,7
5315 ,55978 ,392
7406 ,56805 ,495
3807 ,55511 ,328
3951 ,55681 ,64
1050 ,52721 ,381
1050 ,52721 ,392
1050 ,52721 ,406
5377 ,55957 ,308
3110 ,54747 ,179
3110 ,54747 ,211
3110 ,54747 ,217
3387 ,54951 ,104
3387 ,54951 ,106
3387 ,54951 ,111
3387 ,54951 ,120
3387 ,54951 ,140
3387 ,54951 ,143
3387 ,54951 ,145
3170 ,54859 ,516
3170 ,54859 ,518
3170 ,54859 ,520
3170 ,54859 ,527
3170 ,54859 ,541
3170 ,54859 ,543
2486 ,53876 ,536
2486 ,53876 ,602
4295 ,55858 ,404
2168 ,53886 ,366
277 ,51908 ,319
277 ,51908 ,323
277 ,51908 ,347
277 ,51908 ,351
7032 ,56471 ,252
7032 ,56471 ,267
2946 ,54506 ,380
2946 ,54506 ,381
2946 ,54506 ,385
2946 ,54506 ,394
2946 ,54506 ,398
2946 ,54506 ,400
5473 ,56033 ,130
830 ,52293 ,159
830 ,52293 ,180
1199 ,52703 ,74
2728 ,54416 ,470
2728 ,54416 ,482
2728 ,54416 ,489
2728 ,54416 ,506
2728 ,54416 ,511
2728 ,54416 ,515
2728 ,54416 ,522
2728 ,54416 ,536
2728 ,54416 ,550
2728 ,54416 ,574
2858 ,54498 ,457
2858 ,54498 ,490
2858 ,54498 ,496
1676 ,53147 ,419
1676 ,53147 ,461
1676 ,53147 ,471
381 ,51811 ,171
6021 ,56067 ,314
2948 ,54553 ,6
7330 ,56684 ,406
2399 ,53764 ,556
2399 ,53764 ,582
2399 ,53764 ,595
2399 ,53764 ,597
2399 ,53764 ,598
2399 ,53764 ,615
2399 ,53764 ,622
2399 ,53764 ,624
2399 ,53764 ,636
7585 ,57190 ,199
1476 ,52964 ,56
1476 ,52964 ,148
327 ,52294 ,477
5179 ,55957 ,586
886 ,52381 ,161
2422 ,54096 ,148
10230 ,58224 ,2
3647 ,55241 ,392
266 ,51630 ,140
2739 ,54618 ,216
2739 ,54618 ,217
2739 ,54618 ,233
2739 ,54618 ,257
2739 ,54618 ,262
5182 ,56341 ,956
2427 ,53815 ,545
2946 ,54506 ,95
2946 ,54506 ,107
2946 ,54506 ,126
2946 ,54506 ,136
2946 ,54506 ,171
2946 ,54506 ,183
7735 ,58136 ,504
2049 ,53350 ,281
2049 ,53350 ,294
764 ,52238 ,341
9386 ,58079 ,148
3368 ,54954 ,125
3368 ,54954 ,134
3368 ,54954 ,137
3368 ,54954 ,141
3368 ,54954 ,144
3368 ,54954 ,147
3368 ,54954 ,177
3368 ,54954 ,178
3368 ,54954 ,183
3368 ,54954 ,191
3368 ,54954 ,194
3368 ,54954 ,197
3368 ,54954 ,204
3368 ,54954 ,221
3368 ,54954 ,227
2419 ,54139 ,170
2419 ,54139 ,186
2419 ,54139 ,189
2419 ,54139 ,218
3106 ,54738 ,467
3106 ,54738 ,474
3106 ,54738 ,495
11651 ,58511 ,672
7028 ,56449 ,385
2429 ,53799 ,298
2429 ,53799 ,331
583 ,52055 ,194
583 ,52055 ,232
6295 ,56536 ,833
1373 ,53063 ,528
1373 ,53063 ,541
1373 ,53063 ,604
2594 ,54177 ,391
2594 ,54177 ,442
2594 ,54177 ,483
7736 ,57728 ,748
6369 ,56217 ,534
5407 ,55926 ,936
10915 ,58257 ,942
6750 ,56367 ,844
6750 ,56367 ,890
2536 ,53883 ,409
3227 ,54893 ,164
3227 ,54893 ,176
9387 ,58101 ,679
1396 ,53112 ,321
1396 ,53112 ,364
1396 ,53112 ,367
1396 ,53112 ,397
8283 ,57064 ,402
8283 ,57064 ,494
1199 ,52703 ,357
7330 ,56684 ,289
2420 ,54086 ,575
7330 ,56684 ,484
5184 ,56352 ,610
6116 ,56245 ,26
3115 ,54793 ,491
3115 ,54793 ,493
3115 ,54793 ,501
3326 ,54943 ,279
3326 ,54943 ,283
3326 ,54943 ,285
3326 ,54943 ,308
3121 ,54749 ,549
3121 ,54749 ,550
9554 ,57807 ,108
8060 ,57894 ,724
5493 ,56009 ,628
3388 ,54947 ,418
3388 ,54947 ,460
4879 ,55706 ,846
2696 ,54167 ,612
2016 ,53799 ,115
2016 ,53799 ,139
829 ,52296 ,550
829 ,52296 ,584
829 ,52296 ,593
829 ,52296 ,615
1813 ,53903 ,610
1813 ,53903 ,625
582 ,52045 ,296
11051 ,58510 ,549
6530 ,56537 ,38
6530 ,56537 ,150
2594 ,54177 ,241
2594 ,54177 ,327
5047 ,55833 ,722
2420 ,54086 ,168
2420 ,54086 ,190
2420 ,54086 ,203
2420 ,54086 ,211
4843 ,55860 ,44
7584 ,56957 ,266
12531 ,58932 ,210
5474 ,56036 ,153
1581 ,53149 ,196
1581 ,53149 ,215
1581 ,53149 ,225
1581 ,53149 ,237
1581 ,53149 ,245
1581 ,53149 ,312
5715 ,56657 ,232
5715 ,56657 ,243
1264 ,52707 ,118
1264 ,52707 ,130
1264 ,52707 ,147
1264 ,52707 ,161
7674 ,57359 ,432
11287 ,58429 ,32
3227 ,54893 ,130
3227 ,54893 ,147
3227 ,54893 ,148
3227 ,54893 ,150
8394 ,57865 ,978
4361 ,55831 ,796
742 ,52263 ,610
1053 ,52468 ,555
1053 ,52468 ,594
1053 ,52468 ,617
1053 ,52468 ,629
2417 ,53766 ,188
2417 ,53766 ,190
11633 ,58463 ,466
10720 ,58250 ,976
3367 ,54998 ,315
3367 ,54998 ,330
3367 ,54998 ,337
3367 ,54998 ,341
3367 ,54998 ,344
3367 ,54998 ,364
11634 ,58484 ,70
3326 ,54943 ,161
3326 ,54943 ,162
3326 ,54943 ,179
3326 ,54943 ,191
3326 ,54943 ,201
3326 ,54943 ,202
3326 ,54943 ,206
3326 ,54943 ,220
3326 ,54943 ,256
