3326,54943,259
1990,53472,141
8729,57399,282
3105,54825,347
3105,54825,356
3105,54825,360
3105,54825,381
3105,54825,386
3105,54825,390
2122,54178,377
2742,54233,537
7030,56448,854
2696,54167,379
791,52435,400
2431,53818,29
2431,53818,33
5490,56003,556
273,51957,639
274,51913,55
275,51910,542
1052,52466,117
1952,53378,625
5407,55926,68
5407,55926,70
6659,56607,24
1474,52933,246
1474,52933,256
1474,52933,284
1474,52933,307
2120,53852,228
8841,57425,235
583,52055,344
3765,55508,784
3765,55508,820
1053,52468,238
1053,52468,241
3328,54964,223
3328,54964,225
3328,54964,236
3328,54964,244
3328,54964,278
3328,54964,293
3328,54964,303
3328,54964,304
3328,54964,322
1396,53112,178
439,51877,405
439,51877,413
5069,56211,124
5069,56211,178
7330,56684,649
7330,56684,665
7880,57336,148
3106,54738,239
3367,54998,484
3367,54998,496
3367,54998,502
3367,54998,517
3367,54998,524
3367,54998,526
3367,54998,531
3367,54998,535
2728,54416,15
2728,54416,28
11649,58514,912
578,52339,564
9550,57787,780
6714,56447,495
7315,56685,679
2394,54551,581
933,52642,105
933,52642,174
933,52642,198
304,51609,150
10432,58136,752
3377,54950,305
3377,54950,306
3377,54950,308
3377,54950,312
3377,54950,316
3377,54950,323
3377,54950,337
3377,54950,345
3377,54950,360
3121,54749,366
3121,54749,384
2428,53801,90
2428,53801,135
2428,53801,149
2428,53801,150
2750,54242,220
2429,53799,575
764,52238,605
2946,54506,470
2946,54506,480
2946,54506,511
2297,53738,313
2297,53738,339
511,52636,183
511,52636,361
511,52636,369
830,52293,262
8283,57064,222
574,52355,463
1508,52944,342
1814,54555,612
6151,56265,682
6151,56265,703
2886,54498,522
2886,54498,524
5027,56218,226
1475,52903,482
1475,52903,526
6628,56366,146
7637,56933,708
2400,53765,24
2400,53765,47
2400,53765,55
2400,53765,87
2400,53765,91
2400,53765,93
1264,52707,305
1264,52707,309
1264,52707,334
4382,55742,674
2887,54521,81
3367,54998,90
3367,54998,99
3367,54998,128
7027,56448,773
6408,56329,384
267,51608,422
2417,53766,416
2417,53766,437
2417,53766,463
4507,55564,736
1580,53145,429
1580,53145,432
1200,52668,582
1200,52668,595
7031,56449,200
2116,53854,103
1815,53884,413
9406,58067,469
9406,58067,494
764,52238,388
764,52238,498
1473,52908,372
1473,52908,620
1473,52908,640
7642,57651,443
574,52355,424
574,52355,432
574,52355,433
574,52355,451
7035,56568,164
276,51909,413
2121,54180,572
2121,54180,630
2122,54178,13
7133,56567,651
8207,57431,911
1313,52790,235
7133,56567,832
2916,54507,212
2916,54507,216
2916,54507,248
2916,54507,277
3328,54964,392
3328,54964,403
3328,54964,425
3328,54964,438
2629,54087,10
2629,54087,47
1953,53358,640
2299,53711,301
2299,53711,306
2299,53711,307
2299,53711,311
2299,53711,314
2299,53711,318
2299,53711,334
2299,53711,335
3328,54964,556
3328,54964,558
3328,54964,560
3328,54964,563
3328,54964,570
3328,54964,580
3328,54964,597
3328,54964,598
3328,54964,619
3329,54970,6
10264,58162,127
2462,54561,183
2462,54561,192
2462,54561,219
2462,54561,226
2462,54561,229
1816,53919,418
7644,57327,416
11321,58425,807
1803,54152,331
2418,53794,448
2418,53794,449
2418,53794,450
2418,53794,454
2418,53794,481
2418,53794,492
7329,56719,189
1189,52668,631
1189,52668,635
1190,52670,16
3111,54800,464
3111,54800,476
1051,52468,48
1051,52468,59
1051,52468,66
1051,52468,113
5990,56066,612
266,51630,627
7674,57359,68
7674,57359,136
5714,56660,464
5714,56660,504
5472,55976,927
4075,55352,216
3293,54921,262
2322,53727,444
2322,53727,456
2322,53727,460
2322,53727,461
2322,53727,470
2322,53727,473
2420,54086,354
2420,54086,363
2420,54086,381
2420,54086,395
2112,53534,521
2112,53534,534
3972,55589,812
6170,56240,740
2799,54368,408
2799,54368,423
2799,54368,438
2799,54368,446
2799,54368,451
2799,54368,464
2799,54368,465
2799,54368,480
2799,54368,482
2799,54368,497
2799,54368,508
2799,54368,510
304,51609,522
304,51609,543
3151,54804,72
3151,54804,80
3151,54804,100
3151,54804,129
3151,54804,138
3151,54804,139
3151,54804,147
3151,54804,171
3151,54804,173
3151,54804,176
2400,53765,453
2400,53765,476
2400,53765,478
2400,53765,489
2400,53765,504
2400,53765,507
3959,55679,752
8276,57067,57
266,51630,233
881,52368,627
3362,54939,588
3362,54939,589
3362,54939,594
3368,54954,68
3368,54954,76
3368,54954,79
3368,54954,85
3368,54954,103
3373,54940,47
3373,54940,67
3373,54940,91
8278,56990,296
5486,56030,189
2747,54233,321
2747,54233,323
1193,52652,326
1051,52468,351
1372,53062,409
1372,53062,421
2696,54167,480
2696,54167,511
2696,54167,534
5286,56225,148
5286,56225,196
2426,53795,432
2426,53795,439
2746,54232,294
1200,52668,93
1200,52668,104
1509,52942,593
2430,53815,27
2430,53815,47
4402,55514,316
6295,56536,710
1992,53466,24
1161,52703,498
2697,54389,367
8278,56990,146
3109,54833,20
3109,54833,26
3109,54833,39
3109,54833,41
3109,54833,44
3109,54833,45
3109,54833,48
3109,54833,49
3109,54833,61
3109,54833,64
3109,54833,68
3109,54833,71
3373,54940,104
3373,54940,126
3373,54940,129
3373,54940,136
3373,54940,165
3373,54940,203
884,52374,535
5735,55980,776
4645,55623,772
2089,53498,230
2089,53498,278
2323,54380,324
2323,54380,332
2323,54380,336
2323,54380,348
2299,53711,570
2299,53711,571
2299,53711,572
2299,53711,574
3367,54998,20
3367,54998,29
2418,53794,271
2418,53794,272
2418,53794,308
2110,53467,503
11042,58462,112
2109,53468,96
1505,52941,542
2116,53854,480
3114,54773,123
791,52435,299
3121,54749,619
3122,54821,29
3122,54821,48
3122,54821,56
3122,54821,61
3122,54821,69
3122,54821,71
2418,53794,320
2418,53794,330
2418,53794,334
8277,57073,64
3866,55623,696
7877,56898,493
3380,54977,113
3380,54977,114
3380,54977,119
3380,54977,122
3380,54977,125
3380,54977,159
3380,54977,163
3380,54977,164
11051,58510,438
4381,55824,362
1991,53446,421
1991,53446,427
3840,55574,766
10228,58223,846
8841,57425,193
975,52411,164
2594,54177,492
2594,54177,586
1649,53149,207
2947,54533,534
2947,54533,546
5199,56067,197
4976,56046,188
2462,54561,79
2462,54561,90
2462,54561,102
2462,54561,104
2462,54561,117
2462,54561,128
2462,54561,131
2462,54561,134
2462,54561,158
5883,56033,304
2267,53713,495
2595,54207,490
2595,54207,526
2595,54207,553
2400,53765,564
2400,53765,570
2400,53765,571
2400,53765,576
793,52370,210
793,52370,250
2699,54414,456
2699,54414,464
2699,54414,476
2699,54414,478
1114,53179,300
4573,55587,36
278,51900,257
1496,52883,329
3106,54738,193
3106,54738,199
1496,52883,368
3121,54749,156
828,52317,514
828,52317,577
1473,52908,347
4508,55600,738
2351,53786,633
3840,55574,103
2727,54414,576
2727,54414,616
2727,54414,631
622,52054,80
4074,55679,743
8872,57422,143
2398,53768,385
2398,53768,386
470,51929,508
470,51929,530
470,51929,532
470,51929,572
582,52045,138
582,52045,214
1191,52674,139
1191,52674,173
3388,54947,141
3388,54947,147
3388,54947,148
3388,54947,155
3388,54947,158
3388,54947,163
3388,54947,175
3388,54947,180
3388,54947,181
3388,54947,187
3388,54947,193
3388,54947,195
3388,54947,201
3388,54947,211
3388,54947,238
3388,54947,239
9584,57786,678
8365,57450,346
7114,56748,552
2214,53794,315
2826,54389,10
2826,54389,15
4296,55499,700
4296,55499,726
11086,58401,404
295,51985,39
1626,53472,107
976,52413,286
976,52413,294
976,52413,300
976,52413,330
9165,58048,953
3329,54970,263
3329,54970,281
3329,54970,309
3329,54970,316
3329,54970,321
3329,54970,334
3329,54970,340
3329,54970,344
3329,54970,346
2629,54087,455
2629,54087,456
2629,54087,495
10721,58288,59
2727,54414,382
2727,54414,384
2727,54414,415
3112,54802,260
3112,54802,265
3112,54802,276
3112,54802,310
2116,53854,71
887,52376,552
3386,54952,180
3386,54952,187
3386,54952,193
3386,54952,208
3386,54952,218
3386,54952,231
4401,55510,450
2296,53735,313
2085,53379,489
1507,53763,434
2798,54397,43
2798,54397,48
2798,54397,58
2798,54397,59
2798,54397,68
2798,54397,75
2798,54397,76
2798,54397,85
2798,54397,92
2798,54397,93
2798,54397,96
2798,54397,98
2798,54397,100
2798,54397,102
2798,54397,106
2798,54397,129
2798,54397,130
2798,54397,134
2798,54397,148
2798,54397,150
580,52368,390
580,52368,409
2946,54506,427
2946,54506,435
5473,56033,138
5473,56033,250
2087,53415,368
2087,53415,369
2087,53415,394
2087,53415,406
3751,55234,784
1907,53315,363
1926,53317,143
1926,53317,168
1926,53317,218
1374,53083,154
1374,53083,161
6409,56306,306
2729,54419,342
2729,54419,372
2399,53764,451
2399,53764,457
2399,53764,476
2399,53764,488
1162,52668,325
1806,53559,109
1806,53559,203
405,51816,389
405,51816,445
405,51816,448
4690,55653,419
3821,55535,864
2629,54087,506
2629,54087,526
1472,52913,522
1472,52913,573
1472,52913,577
3367,54998,537
3367,54998,539
3367,54998,563
3367,54998,588
3367,54998,615
828,52317,278
828,52317,282
828,52317,306
1812,53795,38
1812,53795,59
1197,52668,451
1197,52668,509
11044,58508,472
1499,53001,217
3373,54940,515
3373,54940,518
3373,54940,525
11045,58485,148
3121,54749,126
3121,54749,140
3121,54749,145
3121,54749,146
3121,54749,149
829,52296,192
1197,52668,94
1197,52668,114
1197,52668,130
11651,58511,360
4878,55710,98
3121,54749,441
3121,54749,444
3121,54749,450
3121,54749,462
3121,54749,463
1025,53239,585
1816,53919,20
1816,53919,69
2322,53727,4
2322,53727,31
2322,53727,50
2322,53727,74
5377,55957,772
6627,56369,662
6117,56272,276
6117,56272,306
1291,52738,91
1291,52738,118
2267,53713,109
6206,56245,262
6048,56072,314
439,51877,158
439,51877,189
439,51877,208
439,51877,229
439,51877,236
439,51877,251
4847,55931,146
9431,58102,2
2399,53764,638
2400,53765,7
8858,57450,298
976,52413,347
976,52413,350
6504,56540,468
2267,53713,602
2267,53713,614
2267,53713,622
2267,53713,626
2268,53682,36
2268,53682,41
509,52374,117
509,52374,126
509,52374,198
2421,54153,137
7637,56933,944
3110,54747,116
6719,56390,55
3114,54773,473
3114,54773,476
3114,54773,494
3114,54773,499
3114,54773,507
3114,54773,516
3123,54741,303
3123,54741,318
10233,58130,292
6963,56724,841
2049,53350,164
2049,53350,194
2049,53350,218
2049,53350,237
12545,58930,49
3115,54793,615
3384,54948,416
3384,54948,418
3386,54952,519
3386,54952,523
3386,54952,533
3386,54952,539
3386,54952,544
3386,54952,551
3386,54952,563
3121,54749,480
3121,54749,490
3121,54749,501
2266,53679,610
2267,53713,39
4381,55824,702
11052,58438,422
512,51992,398
512,51992,441
2697,54389,558
2697,54389,568
2697,54389,577
1475,52903,68
934,52672,111
5302,55896,742
4361,55831,702
1907,53315,576
3329,54970,92
3329,54970,98
3329,54970,111
3329,54970,115
3329,54970,118
3329,54970,122
2299,53711,349
2299,53711,350
2299,53711,352
2299,53711,356
2299,53711,367
2299,53711,382
2299,53711,388
2299,53711,397
2299,53711,403
2299,53711,408
2299,53711,419
2299,53711,431
2299,53711,432
2299,53711,444
2299,53711,445
2299,53711,453
2299,53711,457
3374,54948,137
3374,54948,138
3362,54939,181
3362,54939,190
3362,54939,194
2724,54616,234
891,52584,484
2745,54231,358
1708,53503,156
7315,56685,859
7315,56685,900
4227,55481,625
4295,55858,166
1073,52649,526
5377,55957,718
1051,52468,432
1051,52468,517
1051,52468,527
1051,52468,529
1051,52468,548
2397,53763,432
2397,53763,434
2397,53763,467
2397,53763,472
2397,53763,477
2397,53763,527
2397,53763,536
10000,58141,331
5800,56279,524
4572,55622,614
8738,57402,485
3293,54921,150
3293,54921,162
3293,54921,183
3293,54921,190
3293,54921,196
3293,54921,202
3293,54921,233
3293,54921,243
3293,54921,247
3293,54921,250
1395,52825,222
2322,53727,333
2322,53727,389
2322,53727,422
1992,53466,238
1992,53466,346
1992,53466,352
2628,54326,174
2628,54326,181
2628,54326,195
3188,54831,577
3188,54831,592
1859,53177,510
1000,52643,420
1000,52643,441
1000,52643,512
2214,53794,447
2214,53794,478
2214,53794,479
2214,53794,499
2916,54507,450
2916,54507,463
2916,54507,480
2916,54507,481
2916,54507,500
4229,55501,422
5163,55889,754
4759,55649,266
8303,57805,394
9172,58015,600
1908,53239,213
1908,53239,218
1908,53239,221
1908,53239,231
2417,53766,540
2417,53766,554
2417,53766,579
8729,57399,581
1189,52668,54
3106,54738,616
3368,54954,237
3368,54954,271
3368,54954,287
1804,53886,365
2417,53766,266
2417,53766,271
7582,56960,700
2120,53852,508
933,52642,215
6150,56187,602
6150,56187,610
10726,58199,997
3386,54952,110
3386,54952,119
273,51957,574
273,51957,596
273,51957,607
5047,55833,616
5047,55833,642
4710,55707,736
4442,55532,216
1052,52466,237
1052,52466,285
2087,53415,538
792,52353,79
3958,55329,412
1053,52468,35
1053,52468,46
1053,52468,56
1053,52468,63
1053,52468,99
1053,52468,125
418,51817,365
1953,53358,514
1953,53358,533
1953,53358,559
1953,53358,561
3293,54921,375
10229,58441,324
7879,57359,460
6443,56367,56
6443,56367,96
622,52054,525
622,52054,566
3294,54918,81
3294,54918,103
3294,54918,114
3294,54918,115
3294,54918,137
3294,54918,178
3294,54918,197
3294,54918,201
3294,54918,205
3294,54918,248
3294,54918,249
3294,54918,256
3294,54918,282
4526,55559,724
7454,56751,58
7454,56751,126
4628,55646,362
11086,58401,800
2462,54561,285
2462,54561,302
2462,54561,323
2462,54561,328
2462,54561,377
10726,58199,246
10726,58199,250
3375,55003,127
3375,55003,133
3375,55003,144
3375,55003,157
11336,58429,681
1188,52650,234
1188,52650,245
580,52368,578
580,52368,611
2749,54241,458
5187,56074,855
1107,52968,611
470,51929,6
470,51929,76
4570,55623,571
10233,58130,586
3171,54862,68
3171,54862,99
3171,54862,101
3171,54862,146
3171,54862,167
2428,53801,562
2428,53801,607
2121,54180,279
2121,54180,283
2121,54180,313
2121,54180,332
2121,54180,340
2121,54180,365
2915,54497,558
2915,54497,591
2915,54497,610
6369,56217,343
2947,54533,254
2947,54533,258
2947,54533,305
2947,54533,346
2947,54533,353
2049,53350,636
2050,53401,18
2050,53401,25
2050,53401,26
2399,53764,189
2399,53764,199
2399,53764,202
2399,53764,216
2399,53764,242
2399,53764,246
2399,53764,248
2399,53764,254
2399,53764,255
2399,53764,287
2698,54140,139
2353,53794,584
2353,53794,596
7290,57073,460
1806,53559,106
5181,56298,466
2089,53498,111
3109,54833,499
3109,54833,508
3109,54833,512
3109,54833,516
3109,54833,522
4008,55356,932
4976,56046,427
7052,56539,138
2776,54554,165
2776,54554,176
2776,54554,198
2421,54153,395
3368,54954,628
3368,54954,632
3373,54940,2
3373,54940,7
3112,54802,427
3112,54802,431
3112,54802,439
3112,54802,443
3112,54802,454
3112,54802,469
2420,54086,595
3951,55681,474
2168,53886,303
2168,53886,311
2914,54533,605
2914,54533,635
2915,54497,1
2915,54497,38
2915,54497,41
2915,54497,62
1735,53035,453
1735,53035,454
1735,53035,501
7761,58071,628
4842,55867,256
1813,53903,147
1813,53903,187
5714,56660,786
2798,54397,396
2798,54397,409
2798,54397,413
2798,54397,415
2798,54397,417
2798,54397,421
2798,54397,423
2798,54397,433
2798,54397,435
2798,54397,464
2798,54397,473
2798,54397,474
2798,54397,479
8871,57519,221
2628,54326,104
2628,54326,119
2628,54326,125
2628,54326,147
2628,54326,149
2628,54326,160
7852,56987,344
7852,56987,428
3821,55535,304
1395,52825,356
622,52054,429
622,52054,464
1907,53315,530
11285,58402,887
2948,54553,355
607,52368,304
607,52368,308
607,52368,314
1264,52707,439
1264,52707,470
1581,53149,503
1677,53148,401
1677,53148,450
1677,53148,480
2887,54521,127
2887,54521,129
2887,54521,131
