3362,54939,86
3362,54939,89
3362,54939,94
3362,54939,95
3362,54939,97
3362,54939,98
3362,54939,99
3362,54939,100
3362,54939,101
3362,54939,105
3362,54939,106
3362,54939,109
3362,54939,110
7635,56979,176
5486,56030,71
5491,56034,246
8282,57041,791
1198,52669,189
1198,52669,208
581,52356,319
575,52319,610
575,52319,619
269,51910,321
2739,54618,382
2739,54618,389
2739,54618,391
2739,54618,394
2739,54618,405
2739,54618,408
2739,54618,409
2739,54618,410
2739,54618,412
2422,54096,82
3954,55680,112
6409,56306,42
6409,56306,46
6409,56306,78
5795,56298,514
5795,56298,555
5796,56274,740
7331,56658,408
7331,56658,413
7331,56658,427
7331,56658,436
7331,56658,439
894,52615,468
894,52615,487
894,52615,508
1816,53919,261
1816,53919,308
1816,53919,357
1816,53919,358
1816,53919,382
3123,54741,341
3123,54741,342
3123,54741,343
3123,54741,344
3123,54741,349
3123,54741,351
3123,54741,354
3123,54741,356
3123,54741,359
3123,54741,361
3123,54741,367
3123,54741,368
3123,54741,377
3123,54741,382
3123,54741,383
3123,54741,386
3123,54741,389
3123,54741,390
3123,54741,393
3123,54741,398
3123,54741,402
3123,54741,404
3123,54741,405
3123,54741,408
3123,54741,409
3123,54741,411
3123,54741,412
3123,54741,414
3123,54741,415
3123,54741,422
3123,54741,425
3123,54741,430
3123,54741,436
3123,54741,437
3123,54741,438
3123,54741,440
3123,54741,442
3123,54741,444
3123,54741,445
3123,54741,450
3123,54741,451
3123,54741,452
584,52049,252
584,52049,274
584,52049,292
4258,55481,799
1496,52883,165
1496,52883,175
1496,52883,194
1496,52883,206
1496,52883,227
1496,52883,252
1496,52883,262
11633,58463,950
11633,58463,964
11633,58463,976
882,52370,330
5182,56341,20
5182,56341,32
5182,56341,50
5182,56341,60
11336,58429,202
8057,57190,306
8057,57190,313
6114,56209,662
7034,56564,14
7034,56564,16
2120,53852,363
1507,53763,274
1507,53763,282
1507,53763,283
1507,53763,303
1507,53763,316
1507,53763,320
1507,53763,326
5470,56008,492
5470,56008,520
5470,56008,530
5470,56008,565
5470,56008,576
4507,55564,144
4507,55564,149
4507,55564,234
4839,55703,574
4839,55703,583
1472,52913,632
1472,52913,636
1472,52913,638
1472,52913,639
1472,52913,640
1473,52908,39
1473,52908,43
1473,52908,47
1473,52908,70
1473,52908,85
1473,52908,86
1473,52908,109
3368,54954,66
3368,54954,69
3368,54954,70
3368,54954,72
3368,54954,82
3368,54954,84
3368,54954,86
3368,54954,87
3368,54954,88
3368,54954,89
3368,54954,92
3368,54954,94
3368,54954,96
3368,54954,97
3368,54954,98
3368,54954,99
3368,54954,102
3368,54954,105
3368,54954,107
3368,54954,111
3368,54954,112
3368,54954,113
3368,54954,114
4873,55926,474
10430,58155,413
8055,57187,447
8055,57187,468
4840,55690,410
4840,55690,480
4840,55690,484
7582,56960,428
7582,56960,448
4507,55564,754
3105,54825,230
3105,54825,231
3105,54825,234
3105,54825,235
3105,54825,237
3105,54825,238
3105,54825,241
276,51909,451
276,51909,453
276,51909,460
276,51909,535
5800,56279,954
2429,53799,119
2429,53799,124
2429,53799,183
2429,53799,210
4265,55505,294
1496,52883,411
4873,55926,256
5180,55947,276
8730,57672,203
6111,56270,418
6111,56270,440
6111,56270,456
8864,57428,410
8864,57428,448
1813,53903,109
1813,53903,115
1813,53903,127
891,52584,400
891,52584,413
891,52584,446
891,52584,489
891,52584,494
5185,55978,340
5185,55978,342
5185,55978,400
5185,55978,420
5185,55978,444
7033,56565,598
7033,56565,638
6413,56336,856
6413,56336,864
5990,56066,546
5990,56066,554
5990,56066,562
3805,55269,760
6294,56482,624
6294,56482,630
6294,56482,640
7333,56686,196
7333,56686,197
7333,56686,199
7333,56686,204
7333,56686,209
7333,56686,224
7333,56686,248
7333,56686,250
3114,54773,523
3114,54773,525
3114,54773,526
3114,54773,529
3114,54773,530
3114,54773,531
3114,54773,535
3114,54773,546
3114,54773,547
3114,54773,548
3114,54773,552
3114,54773,554
3114,54773,557
3114,54773,558
3114,54773,561
3114,54773,566
3114,54773,568
3114,54773,570
3114,54773,576
11340,58433,282
2727,54414,310
2727,54414,313
2727,54414,315
2727,54414,316
2727,54414,318
2727,54414,319
2727,54414,322
2727,54414,323
2727,54414,325
2727,54414,326
2727,54414,327
2727,54414,335
2727,54414,336
2727,54414,337
2727,54414,338
2727,54414,341
2727,54414,342
2727,54414,343
2727,54414,344
2727,54414,347
2727,54414,350
2727,54414,351
2727,54414,353
2727,54414,354
2727,54414,360
2727,54414,361
2727,54414,363
2727,54414,365
2727,54414,368
3953,55322,322
7330,56684,291
7330,56684,298
7330,56684,299
7330,56684,301
7330,56684,308
7330,56684,311
7330,56684,315
7330,56684,319
7330,56684,320
7330,56684,322
7330,56684,326
7330,56684,327
7330,56684,331
12531,58932,451
12531,58932,480
7330,56684,452
7330,56684,455
7330,56684,466
7330,56684,469
7330,56684,474
7330,56684,475
7330,56684,476
7330,56684,491
7330,56684,494
7330,56684,495
7330,56684,501
7330,56684,506
3953,55322,535
3953,55322,551
3953,55322,554
5793,56337,425
5793,56337,443
7328,56715,309
7328,56715,312
7328,56715,344
7635,56979,418
266,51630,130
6407,56311,258
5471,56034,108
5471,56034,162
7027,56448,154
6714,56447,138
10227,58224,234
2417,53766,179
2417,53766,181
2417,53766,182
2417,53766,189
2417,53766,191
2417,53766,193
2417,53766,194
2417,53766,202
2417,53766,205
2417,53766,222
2417,53766,225
2417,53766,227
2417,53766,229
1495,52944,251
1495,52944,293
1495,52944,300
6110,56279,342
11633,58463,445
11040,58456,450
11040,58456,470
6714,56447,324
6714,56447,378
7027,56448,423
7027,56448,459
11633,58463,550
11633,58463,580
2724,54616,507
2724,54616,509
2724,54616,515
2724,54616,524
2724,54616,527
2724,54616,528
2724,54616,531
2724,54616,533
2724,54616,541
2724,54616,543
2724,54616,546
2724,54616,547
2724,54616,553
2724,54616,558
7027,56448,537
7027,56448,555
6714,56447,608
5179,55957,640
11336,58429,728
9549,57807,752
9549,57807,797
8867,57460,118
8867,57460,174
5489,55990,146
1808,54176,428
1808,54176,437
9550,57787,22
9550,57787,43
3326,54943,322
3326,54943,330
3326,54943,332
3326,54943,333
3326,54943,334
3326,54943,335
3326,54943,336
3326,54943,337
3326,54943,339
3326,54943,343
3326,54943,345
3326,54943,347
3326,54943,348
3326,54943,349
3326,54943,352
2417,53766,525
2417,53766,531
2417,53766,536
2417,53766,538
2417,53766,541
2417,53766,545
2417,53766,553
2417,53766,555
2417,53766,556
2417,53766,560
2417,53766,561
2417,53766,562
2417,53766,564
2417,53766,570
2417,53766,575
10429,58145,650
10429,58145,666
5794,56282,52
1189,52668,95
5179,55957,746
5795,56298,194
5795,56298,208
6408,56329,750
6408,56329,773
10430,58155,917
10430,58155,923
884,52374,212
8731,57416,2
8731,57416,43
3368,54954,569
3368,54954,570
3368,54954,571
3368,54954,576
3368,54954,577
3368,54954,579
3368,54954,580
3368,54954,583
3368,54954,584
3368,54954,586
3368,54954,588
3368,54954,594
3368,54954,595
3368,54954,596
3368,54954,598
3368,54954,602
3368,54954,603
3368,54954,605
3368,54954,608
3368,54954,609
3368,54954,612
3368,54954,613
3368,54954,616
3368,54954,617
3368,54954,620
3368,54954,621
3368,54954,622
3368,54954,624
6408,56329,966
6112,56191,298
5181,56298,316
5181,56298,326
6116,56245,42
6116,56245,54
12544,58928,944
3115,54793,452
3115,54793,454
3115,54793,455
3115,54793,456
3115,54793,457
3115,54793,458
3115,54793,463
3115,54793,472
8872,57422,594
2430,53815,432
2430,53815,439
8739,57645,250
8739,57645,365
2751,54243,79
2751,54243,113
2751,54243,123
2751,54243,128
2751,54243,134
2751,54243,152
2751,54243,181
2751,54243,182
2751,54243,186
5801,56328,886
5801,56328,932
7329,56719,378
7329,56719,383
1497,52886,219
1497,52886,251
9547,57806,576
3368,54954,289
3368,54954,290
3368,54954,291
3368,54954,293
3368,54954,294
3368,54954,296
3368,54954,299
3368,54954,300
3368,54954,306
3368,54954,307
3368,54954,308
3368,54954,309
3368,54954,312
3368,54954,313
3368,54954,316
3368,54954,319
3368,54954,320
3368,54954,325
3368,54954,326
3368,54954,328
3368,54954,331
3368,54954,335
3368,54954,337
3368,54954,339
3368,54954,340
3368,54954,341
3368,54954,343
3368,54954,344
6111,56270,838
12525,58932,36
12525,58932,44
12525,58932,47
8863,57724,20
8863,57724,50
266,51630,21
1495,52944,22
1495,52944,26
1495,52944,38
1495,52944,40
1495,52944,57
9170,58048,47
5486,56030,23
5486,56030,27
5486,56030,44
5486,56030,60
4570,55623,40
8734,57642,967
8734,57642,994
8734,57642,998
8059,57895,922
8059,57895,935
581,52356,271
1812,53795,522
1812,53795,589
274,51913,64
274,51913,130
274,51913,164
8869,57481,998
8870,57779,56
4263,55484,502
4263,55484,514
4263,55484,524
3106,54738,592
3106,54738,593
3106,54738,599
3106,54738,606
3106,54738,611
3106,54738,613
3106,54738,618
5487,55982,306
5487,55982,320
4566,55630,884
268,51633,17
7329,56719,888
7329,56719,910
7329,56719,930
10721,58288,947
7028,56449,227
4873,55926,544
6111,56270,602
9547,57806,484
3368,54954,233
3368,54954,236
3368,54954,241
3368,54954,242
3368,54954,244
3368,54954,245
3368,54954,246
3368,54954,248
3368,54954,250
3368,54954,251
3368,54954,254
3368,54954,255
3368,54954,256
3368,54954,257
3368,54954,258
3368,54954,259
3368,54954,260
3368,54954,265
3368,54954,267
3368,54954,269
3368,54954,274
3368,54954,275
3368,54954,278
3368,54954,280
3368,54954,281
3368,54954,282
3368,54954,285
3368,54954,288
10430,58155,543
10430,58155,551
1804,53886,334
10721,58288,625
3866,55623,362
3866,55623,399
3866,55623,447
3866,55623,454
7315,56685,617
7315,56685,636
7315,56685,676
9546,57864,232
10227,58224,249
10227,58224,292
4258,55481,204
4258,55481,212
881,52368,364
11040,58456,362
11040,58456,380
7328,56715,510
7328,56715,524
5179,55957,950
5179,55957,956
11040,58456,923
3367,54998,260
3367,54998,261
3367,54998,262
3367,54998,263
3367,54998,268
3367,54998,270
3367,54998,276
3367,54998,277
3367,54998,279
3367,54998,282
3367,54998,285
3367,54998,287
3367,54998,288
3367,54998,291
3367,54998,293
3367,54998,295
3367,54998,299
3367,54998,302
3367,54998,303
3367,54998,304
3367,54998,309
10227,58224,298
8863,57724,326
1495,52944,333
1495,52944,365
6407,56311,378
2724,54616,338
2724,54616,342
2724,54616,344
2724,54616,347
2724,54616,350
2724,54616,358
2724,54616,360
2724,54616,362
2724,54616,377
2724,54616,380
2724,54616,386
2724,54616,391
2724,54616,393
2724,54616,395
2724,54616,398
2724,54616,404
2724,54616,413
2724,54616,418
2724,54616,422
2724,54616,424
2724,54616,430
2724,54616,437
2724,54616,440
2724,54616,441
2724,54616,444
2724,54616,446
8865,57426,547
8865,57426,574
6112,56191,514
3105,54825,341
3105,54825,344
3105,54825,348
3105,54825,349
3105,54825,352
3105,54825,354
3105,54825,355
3105,54825,357
8863,57724,170
1188,52650,141
5470,56008,420
8865,57426,308
8865,57426,336
7330,56684,61
7330,56684,67
7330,56684,76
7330,56684,102
7330,56684,105
7330,56684,111
7330,56684,115
1498,52914,233
1498,52914,234
1498,52914,245
268,51633,266
268,51633,289
268,51633,293
268,51633,302
268,51633,314
8731,57416,178
884,52374,636
885,52379,26
885,52379,34
8279,57063,660
8279,57063,683
8279,57063,695
2422,54096,324
2422,54096,325
2422,54096,327
2422,54096,376
10432,58136,220
8279,57063,794
8279,57063,802
8279,57063,813
8866,57457,874
576,52325,562
3954,55680,300
3954,55680,318
2115,53535,117
2115,53535,137
5179,55957,374
3105,54825,398
3105,54825,399
3105,54825,400
3105,54825,401
3105,54825,402
3105,54825,403
3105,54825,405
3105,54825,408
3105,54825,411
3105,54825,414
3105,54825,416
3105,54825,424
3105,54825,429
3105,54825,430
3105,54825,435
3105,54825,437
3105,54825,439
3105,54825,443
3105,54825,448
3105,54825,449
3105,54825,451
3105,54825,452
1811,53533,560
7333,56686,988
7333,56686,991
7333,56686,993
7334,56656,31
6413,56336,408
6413,56336,410
8872,57422,545
8872,57422,564
4573,55587,88
278,51900,210
278,51900,213
278,51900,220
278,51900,239
1201,52674,538
8285,57048,338
8285,57048,348
11341,58428,320
11341,58428,326
11341,58428,346
9552,57814,782
3386,54952,403
3386,54952,404
3386,54952,406
3386,54952,409
3386,54952,410
3386,54952,412
3386,54952,413
3386,54952,420
3386,54952,425
3386,54952,426
3386,54952,427
3386,54952,428
3386,54952,435
3386,54952,439
3386,54952,442
3386,54952,443
3386,54952,449
3386,54952,450
3386,54952,454
3386,54952,456
3386,54952,459
3386,54952,462
3386,54952,464
3386,54952,465
3386,54952,466
3386,54952,467
3386,54952,468
3386,54952,469
3386,54952,471
3386,54952,473
3386,54952,474
3386,54952,477
3386,54952,480
3386,54952,481
3386,54952,484
3386,54952,485
3386,54952,487
3386,54952,488
3386,54952,489
3386,54952,492
3386,54952,493
3386,54952,495
3386,54952,497
3386,54952,498
3386,54952,500
3386,54952,502
3386,54952,509
3386,54952,512
4565,55591,140
3112,54802,592
3112,54802,593
3112,54802,595
3112,54802,596
3112,54802,599
3112,54802,607
3112,54802,614
3112,54802,615
3112,54802,616
3112,54802,617
5801,56328,956
8872,57422,672
8872,57422,743
10728,58248,686
8285,57048,557
4258,55481,670
4258,55481,676
4258,55481,702
4258,55481,714
9546,57864,747
6714,56447,810
2110,53467,254
2110,53467,265
5179,55957,992
4872,55944,992
10720,58250,413
7635,56979,510
7635,56979,528
7635,56979,544
5179,55957,460
2109,53468,449
6407,56311,412
6407,56311,414
6407,56311,442
3114,54773,129
3114,54773,130
3114,54773,132
3114,54773,134
3114,54773,135
3114,54773,140
3114,54773,144
3114,54773,145
3114,54773,146
3114,54773,148
3114,54773,149
3114,54773,155
3114,54773,156
3114,54773,158
3114,54773,159
3114,54773,161
3114,54773,164
3114,54773,165
3114,54773,166
3114,54773,168
3114,54773,171
3114,54773,172
3114,54773,176
5183,55976,798
5183,55976,818
5183,55976,822
3373,54940,351
3373,54940,352
3373,54940,355
3373,54940,359
3373,54940,360
3373,54940,362
3373,54940,364
3373,54940,369
3373,54940,370
885,52379,79
3109,54833,420
3109,54833,421
3109,54833,422
3109,54833,424
3109,54833,425
3109,54833,430
3109,54833,431
3109,54833,433
3109,54833,438
3109,54833,441
3109,54833,442
3109,54833,443
5492,56010,680
5492,56010,716
10727,58197,724
10727,58197,750
2749,54241,348
2749,54241,381
7035,56568,406
7035,56568,424
3122,54821,81
3122,54821,87
3122,54821,93
3122,54821,95
3122,54821,96
3122,54821,98
3122,54821,101
3122,54821,102
3122,54821,105
3122,54821,107
3122,54821,108
3122,54821,109
3122,54821,110
3122,54821,118
3122,54821,121
3122,54821,122
3122,54821,123
3122,54821,124
3122,54821,125
3122,54821,127
3122,54821,128
5180,55947,44
5180,55947,48
6407,56311,996
10429,58145,3
10429,58145,16
10429,58145,34
1372,53062,85
1372,53062,106
1372,53062,116
1372,53062,137
1372,53062,140
7235,56603,338
7404,56776,521
7404,56776,539
7404,56776,544
7404,56776,546
1050,52721,567
1050,52721,576
8054,57194,393
3362,54939,394
3362,54939,403
3362,54939,409
3362,54939,417
3362,54939,427
3362,54939,429
3362,54939,430
3362,54939,431
3362,54939,434
3362,54939,435
3362,54939,442
3362,54939,444
3362,54939,448
3105,54825,456
3105,54825,457
3105,54825,458
3105,54825,459
3105,54825,464
3105,54825,467
3105,54825,471
3105,54825,472
3105,54825,475
3105,54825,477
3105,54825,478
3105,54825,488
10227,58224,448
10227,58224,465
3951,55681,586
5486,56030,594
5486,56030,596
2417,53766,476
2417,53766,480
2417,53766,482
2417,53766,487
2417,53766,488
2417,53766,492
2417,53766,493
2417,53766,496
2417,53766,498
2417,53766,503
2417,53766,515
2417,53766,516
2417,53766,519
2420,54086,263
