2724,54616,55
2724,54616,56
3362,54939,6
3362,54939,11
3362,54939,12
3362,54939,13
3362,54939,14
3362,54939,15
3362,54939,17
3362,54939,20
3362,54939,22
3362,54939,25
3362,54939,29
3362,54939,31
3362,54939,33
3362,54939,36
3362,54939,38
3362,54939,43
3362,54939,44
3362,54939,45
3362,54939,47
3362,54939,49
3362,54939,52
3362,54939,53
3362,54939,56
2417,53766,149
2417,53766,151
2417,53766,154
2417,53766,159
2417,53766,161
2417,53766,169
11040,58456,178
2109,53468,288
2109,53468,301
12525,58932,357
1191,52674,239
2112,53534,290
2112,53534,298
2112,53534,299
2112,53534,302
7330,56684,119
7330,56684,122
7330,56684,129
7330,56684,131
7330,56684,149
7330,56684,156
7330,56684,163
7330,56684,171
574,52355,556
574,52355,561
7330,56684,231
7330,56684,241
7330,56684,243
7330,56684,244
7330,56684,249
7330,56684,253
7330,56684,259
7330,56684,264
7330,56684,265
7330,56684,270
7330,56684,280
3953,55322,362
9171,58068,628
1804,53886,559
267,51608,506
11324,58395,662
2728,54416,413
2728,54416,416
2728,54416,417
2728,54416,419
2728,54416,421
2728,54416,423
2728,54416,425
2728,54416,427
2728,54416,429
2728,54416,432
2728,54416,433
2728,54416,434
2728,54416,436
2728,54416,446
2728,54416,449
2728,54416,450
2728,54416,451
2728,54416,452
2728,54416,453
2728,54416,456
2728,54416,465
2728,54416,467
3368,54954,406
3368,54954,407
3368,54954,408
3368,54954,410
3368,54954,411
3368,54954,412
3368,54954,419
3368,54954,421
3368,54954,422
574,52355,153
2417,53766,590
2417,53766,596
2417,53766,607
2417,53766,608
2417,53766,612
2417,53766,614
2418,53794,7
2418,53794,33
2418,53794,38
2418,53794,50
6407,56311,674
9546,57864,654
9546,57864,701
1496,52883,58
1496,52883,87
1496,52883,93
11040,58456,744
7404,56776,451
7404,56776,482
8504,57518,713
6963,56724,312
9368,57817,480
9368,57817,518
9368,57817,533
3373,54940,268
3373,54940,272
3373,54940,273
3373,54940,276
3373,54940,277
3373,54940,278
3373,54940,283
3373,54940,285
3373,54940,287
3373,54940,288
3373,54940,297
3373,54940,298
3373,54940,299
3373,54940,305
3373,54940,306
3373,54940,308
1191,52674,497
1191,52674,498
1191,52674,510
1191,52674,511
1191,52674,525
2729,54419,452
2729,54419,453
2729,54419,454
2729,54419,456
2729,54419,462
2729,54419,467
2729,54419,469
2729,54419,470
2729,54419,472
2729,54419,475
2729,54419,477
2729,54419,478
2729,54419,479
2729,54419,481
2729,54419,482
2729,54419,491
2729,54419,493
2729,54419,494
2729,54419,495
2729,54419,497
2729,54419,500
2729,54419,502
2729,54419,506
8056,57186,502
8056,57186,546
10722,58281,483
1806,53559,293
12525,58932,695
3362,54939,618
3362,54939,622
3362,54939,623
3362,54939,625
3362,54939,629
3362,54939,631
3362,54939,632
3362,54939,633
3362,54939,635
3362,54939,636
3362,54939,639
3362,54939,640
3367,54998,1
3367,54998,8
3367,54998,11
3367,54998,12
3367,54998,13
3367,54998,14
3367,54998,15
3367,54998,16
3367,54998,17
3367,54998,22
3367,54998,24
3367,54998,25
3367,54998,26
3367,54998,28
3367,54998,30
3367,54998,32
8054,57194,622
1495,52944,612
1495,52944,623
1496,52883,4
1496,52883,32
10227,58224,762
10227,58224,768
2110,53467,81
8864,57428,46
8864,57428,67
3952,55330,156
3952,55330,170
266,51630,559
11634,58484,127
11634,58484,170
3367,54998,427
3367,54998,428
3367,54998,430
3367,54998,431
3367,54998,435
3367,54998,438
3367,54998,442
3367,54998,448
3367,54998,449
8055,57187,557
1190,52670,480
1190,52670,486
6408,56329,560
6408,56329,574
11634,58484,818
11634,58484,846
8055,57187,626
3368,54954,345
3368,54954,346
3368,54954,348
3368,54954,350
3368,54954,353
3368,54954,362
3368,54954,365
3368,54954,368
3368,54954,369
3368,54954,370
3368,54954,371
3368,54954,372
266,51630,187
4565,55591,432
4565,55591,450
4565,55591,488
2417,53766,296
2417,53766,304
2417,53766,305
2417,53766,311
2417,53766,317
2417,53766,325
2417,53766,332
2417,53766,337
2417,53766,341
2417,53766,345
2417,53766,347
12525,58932,467
574,52355,87
11633,58463,480
11633,58463,483
10227,58224,419
1496,52883,287
1496,52883,313
1496,52883,338
1496,52883,344
3106,54738,191
3106,54738,192
3106,54738,194
3106,54738,196
3106,54738,197
3106,54738,198
3106,54738,200
3106,54738,203
3106,54738,208
3106,54738,209
3106,54738,210
3106,54738,213
3106,54738,216
3106,54738,217
3106,54738,219
5487,55982,12
5487,55982,20
5487,55982,54
1496,52883,350
1496,52883,352
1496,52883,392
1496,52883,394
1496,52883,402
1496,52883,403
1803,54152,387
1803,54152,390
1803,54152,402
1803,54152,403
6111,56270,200
8864,57428,82
4876,55679,132
6114,56209,402
6114,56209,446
5797,56273,288
5797,56273,337
3112,54802,428
3112,54802,433
3112,54802,434
3112,54802,437
3112,54802,445
3112,54802,447
3112,54802,448
3112,54802,449
3112,54802,450
3112,54802,451
3112,54802,452
3112,54802,453
3112,54802,457
3112,54802,458
3390,54945,275
3390,54945,281
3390,54945,283
3390,54945,286
3390,54945,289
3390,54945,290
3390,54945,292
3390,54945,293
3390,54945,296
3390,54945,297
3390,54945,298
3390,54945,300
3390,54945,304
3390,54945,306
3390,54945,308
3390,54945,309
3390,54945,312
3390,54945,314
3390,54945,316
3390,54945,318
3390,54945,319
3390,54945,321
3390,54945,322
3390,54945,323
3390,54945,326
3390,54945,334
3390,54945,340
3390,54945,341
3390,54945,342
3390,54945,343
3390,54945,344
3390,54945,348
3390,54945,350
3390,54945,351
3390,54945,352
3390,54945,354
3390,54945,356
3390,54945,357
3390,54945,360
3390,54945,369
3390,54945,370
3390,54945,371
3390,54945,375
3390,54945,377
3390,54945,384
3105,54825,5
3105,54825,6
3105,54825,10
3105,54825,14
3105,54825,20
3105,54825,26
3105,54825,32
3105,54825,34
3105,54825,40
3105,54825,41
3105,54825,45
3105,54825,47
3105,54825,50
3105,54825,53
3105,54825,54
3105,54825,55
3105,54825,56
9428,58101,155
828,52317,8
828,52317,76
828,52317,93
828,52317,94
828,52317,110
7582,56960,62
7582,56960,89
7582,56960,119
1051,52468,10
1051,52468,28
4094,55481,980
8285,57048,576
11052,58438,760
11052,58438,814
11653,58526,864
11653,58526,870
4266,55486,140
4266,55486,210
1707,53885,470
1707,53885,508
3106,54738,227
3106,54738,228
3106,54738,230
3106,54738,232
3106,54738,237
3106,54738,243
3106,54738,244
3106,54738,247
3106,54738,248
1803,54152,486
3367,54998,481
3367,54998,485
3367,54998,486
3367,54998,490
3367,54998,491
3367,54998,493
3367,54998,494
3367,54998,495
3367,54998,498
3367,54998,499
3367,54998,504
3367,54998,505
3367,54998,506
3367,54998,507
3367,54998,513
3367,54998,515
3367,54998,519
3367,54998,520
3367,54998,521
3367,54998,523
3367,54998,527
3367,54998,528
3367,54998,532
3367,54998,533
3367,54998,536
8277,57073,174
1190,52670,62
1190,52670,95
2728,54416,14
2728,54416,16
2728,54416,18
2728,54416,19
2728,54416,21
2728,54416,22
2728,54416,23
2728,54416,27
2728,54416,33
2728,54416,38
2728,54416,39
2728,54416,43
2728,54416,45
2728,54416,49
2728,54416,51
2728,54416,54
2728,54416,60
2728,54416,66
2728,54416,67
2728,54416,68
3110,54747,515
3110,54747,516
3110,54747,517
3110,54747,518
3110,54747,520
3110,54747,523
3110,54747,526
10430,58155,52
10430,58155,73
5181,56298,936
4261,55503,94
4261,55503,102
3374,54948,241
3374,54948,242
3374,54948,243
3374,54948,245
3374,54948,251
3374,54948,252
3374,54948,253
3374,54948,265
3374,54948,266
3374,54948,267
3374,54948,271
3374,54948,273
3374,54948,275
3374,54948,277
3374,54948,279
3374,54948,280
3374,54948,281
3374,54948,282
3374,54948,283
3374,54948,286
3374,54948,288
3374,54948,291
3374,54948,293
3374,54948,294
3374,54948,296
11636,58462,854
3374,54948,409
3374,54948,413
3374,54948,414
3374,54948,415
3374,54948,418
3374,54948,419
3374,54948,420
3374,54948,421
3374,54948,422
3374,54948,425
3374,54948,428
3374,54948,429
3374,54948,431
3374,54948,434
3374,54948,436
3374,54948,437
3374,54948,441
3374,54948,444
3374,54948,445
3374,54948,446
3374,54948,448
3374,54948,449
3374,54948,453
3374,54948,454
3374,54948,456
3374,54948,459
3374,54948,460
3374,54948,461
3374,54948,463
3374,54948,467
3374,54948,470
3374,54948,471
3374,54948,472
3374,54948,475
3374,54948,478
3374,54948,484
3374,54948,485
3374,54948,493
3374,54948,496
3374,54948,499
3374,54948,501
3374,54948,502
3374,54948,503
7315,56685,139
7315,56685,151
3367,54998,453
3367,54998,459
3367,54998,460
3367,54998,462
3367,54998,464
3367,54998,467
3367,54998,468
3367,54998,475
3367,54998,478
3367,54998,479
3367,54998,480
4873,55926,184
4259,55501,42
9547,57806,99
9547,57806,132
5487,55982,148
3367,54998,538
3367,54998,540
3367,54998,543
3367,54998,544
3367,54998,546
3367,54998,549
3367,54998,551
3367,54998,552
3367,54998,553
3367,54998,554
3367,54998,555
3367,54998,557
3367,54998,558
3367,54998,559
3367,54998,560
3367,54998,562
3367,54998,567
3367,54998,569
3367,54998,572
3367,54998,573
3367,54998,574
3367,54998,576
3367,54998,578
3367,54998,580
3367,54998,581
3367,54998,582
3367,54998,587
8055,57187,134
8055,57187,135
8055,57187,174
3367,54998,596
3367,54998,597
3367,54998,600
3367,54998,603
3367,54998,604
3367,54998,606
3367,54998,608
3367,54998,609
3367,54998,610
3367,54998,611
3367,54998,617
3367,54998,619
881,52368,117
2724,54616,61
2724,54616,64
2724,54616,70
2724,54616,78
2724,54616,88
2724,54616,90
2724,54616,95
2724,54616,98
2724,54616,102
6714,56447,88
6714,56447,126
3362,54939,113
7328,56715,60
1802,53885,45
1188,52650,10
1188,52650,14
1188,52650,46
6110,56279,22
6110,56279,41
6110,56279,63
6714,56447,62
1707,53885,560
1707,53885,561
1707,53885,566
1707,53885,573
2295,53734,552
2945,54505,275
2945,54505,277
2945,54505,279
2945,54505,282
2945,54505,286
2945,54505,287
2945,54505,288
2945,54505,289
2945,54505,290
2945,54505,293
2945,54505,295
2945,54505,298
2945,54505,301
2945,54505,303
2945,54505,304
2945,54505,309
2945,54505,311
2945,54505,312
2945,54505,313
2945,54505,317
2945,54505,318
2945,54505,322
2945,54505,325
2945,54505,326
2945,54505,328
2945,54505,333
2945,54505,334
2945,54505,335
2945,54505,338
2945,54505,341
2945,54505,345
2945,54505,346
2945,54505,347
2945,54505,348
2945,54505,349
2945,54505,350
2945,54505,352
2945,54505,354
2945,54505,355
2945,54505,356
2945,54505,359
2945,54505,362
2945,54505,369
2945,54505,374
2945,54505,378
1050,52721,329
267,51608,101
4873,55926,411
4873,55926,448
4566,55630,488
4566,55630,538
6408,56329,350
10000,58462,318
4259,55501,424
4259,55501,426
11634,58484,648
267,51608,427
1191,52674,76
1191,52674,89
6413,56336,522
6413,56336,560
6413,56336,612
11341,58428,150
5491,56034,102
5491,56034,157
5491,56034,160
5491,56034,162
1198,52669,75
1198,52669,113
10228,58223,194
10228,58223,314
3106,54738,335
3106,54738,337
3106,54738,338
3106,54738,339
3106,54738,340
3106,54738,341
3106,54738,342
3106,54738,343
3106,54738,344
3106,54738,346
3106,54738,354
3106,54738,357
3106,54738,358
3106,54738,360
7027,56448,998
9171,58068,374
9171,58068,384
1497,52886,301
1497,52886,302
1497,52886,311
10430,58155,597
10430,58155,601
3106,54738,563
3106,54738,566
3106,54738,569
3106,54738,570
3106,54738,572
3106,54738,573
3106,54738,574
3106,54738,576
3106,54738,577
3106,54738,579
3106,54738,582
3106,54738,588
3106,54738,589
3106,54738,590
10721,58288,750
9171,58068,752
1191,52674,8
11337,58431,296
11337,58431,316
3377,54950,249
3377,54950,252
3377,54950,253
3377,54950,254
3377,54950,255
3377,54950,260
3377,54950,261
3377,54950,262
3377,54950,263
3377,54950,265
3377,54950,268
3377,54950,271
3377,54950,275
3377,54950,277
3377,54950,278
3377,54950,281
3377,54950,283
3377,54950,285
3377,54950,286
10234,58153,768
5187,56074,536
5187,56074,550
5187,56074,556
5187,56074,574
5187,56074,584
5187,56074,586
11653,58526,654
11653,58526,680
11653,58526,708
11343,58430,954
11344,58438,24
11344,58438,26
11344,58438,46
10234,58153,38
10234,58153,62
583,52055,481
583,52055,521
583,52055,523
583,52055,539
5186,56337,888
4565,55591,8
3362,54939,227
3362,54939,229
3362,54939,230
3362,54939,231
3362,54939,233
3362,54939,234
3362,54939,235
3362,54939,238
3362,54939,240
3362,54939,245
3362,54939,246
3362,54939,247
3362,54939,248
3362,54939,250
3362,54939,251
3362,54939,253
3362,54939,254
3362,54939,256
3362,54939,262
3362,54939,268
3362,54939,271
3362,54939,273
3362,54939,274
3362,54939,276
3362,54939,277
3362,54939,280
4565,55591,306
4565,55591,326
4872,55944,280
4872,55944,294
4872,55944,303
7027,56448,275
7027,56448,282
2624,54380,244
2624,54380,245
2624,54380,247
2624,54380,248
2624,54380,249
2624,54380,251
2624,54380,254
2624,54380,257
2624,54380,258
2624,54380,259
2624,54380,264
2624,54380,267
2624,54380,270
2624,54380,271
2624,54380,272
2624,54380,274
2624,54380,276
6118,56189,478
6118,56189,502
1200,52668,328
1200,52668,341
7337,56662,59
893,52589,226
893,52589,241
893,52589,255
1188,52650,579
1188,52650,606
5793,56337,928
5793,56337,950
7027,56448,598
6407,56311,594
2724,54616,628
2724,54616,633
2727,54414,3
2727,54414,5
2727,54414,6
2727,54414,7
2727,54414,9
2727,54414,13
2727,54414,14
2727,54414,16
2727,54414,20
2727,54414,23
2727,54414,24
2727,54414,25
2727,54414,28
2727,54414,31
3106,54738,48
3106,54738,49
3106,54738,51
3106,54738,53
3106,54738,55
3106,54738,56
3106,54738,58
3106,54738,59
3106,54738,60
3106,54738,61
3106,54738,62
3106,54738,63
3106,54738,65
3106,54738,66
3106,54738,67
3106,54738,68
3106,54738,69
3106,54738,73
3106,54738,76
4507,55564,514
4507,55564,536
4507,55564,540
4507,55564,544
4507,55564,584
4507,55564,617
4839,55703,904
4839,55703,924
4839,55703,948
4839,55703,960
2084,53360,530
2084,53360,562
6657,56366,456
1160,52674,401
1160,52674,407
1195,52724,484
2744,54272,390
2744,54272,394
2744,54272,400
2744,54272,417
2744,54272,425
2744,54272,429
6412,56358,450
1810,53794,311
1198,52669,184
9552,57814,627
3386,54952,234
3386,54952,236
3386,54952,242
3386,54952,244
3386,54952,245
3386,54952,247
3386,54952,249
3386,54952,251
3386,54952,253
3386,54952,255
3386,54952,256
3386,54952,257
3386,54952,258
3386,54952,260
3386,54952,262
3386,54952,263
3386,54952,267
3386,54952,279
3386,54952,280
3386,54952,281
3386,54952,285
3386,54952,287
3386,54952,295
3386,54952,296
3386,54952,297
3386,54952,298
3386,54952,302
3386,54952,303
3386,54952,309
3386,54952,311
3386,54952,313
3386,54952,316
3386,54952,318
3386,54952,319
3386,54952,321
3386,54952,327
3386,54952,328
3386,54952,332
3386,54952,333
3386,54952,335
3386,54952,336
3386,54952,338
3386,54952,342
2746,54232,618
2747,54233,36
2747,54233,51
10725,58250,985
10726,58199,32
10726,58199,45
1050,52721,418
3805,55269,446
3805,55269,496
3805,55269,530
3805,55269,556
3805,55269,560
7184,56629,1000
7235,56603,91
5377,55957,340
5377,55957,360
3805,55269,639
5067,55751,884
5067,55751,905
5067,55751,912
5067,55751,942
5067,55751,978
5990,56066,326
5990,56066,332
4730,55630,760
9173,58069,460
9173,58069,481
10227,58224,10
10227,58224,18
10227,58224,26
10227,58224,46
2417,53766,5
2417,53766,13
2417,53766,14
2417,53766,16
2417,53766,22
2417,53766,35
2417,53766,36
2417,53766,37
2417,53766,38
2417,53766,42
2417,53766,47
2417,53766,52
3362,54939,57
3362,54939,58
3362,54939,59
3362,54939,65
3362,54939,67
3362,54939,69
3362,54939,70
3362,54939,73
3362,54939,76
3362,54939,80
3362,54939,83
