5487,55982,752
5487,55982,764
5487,55982,772
7028,56449,919
5181,56298,380
5181,56298,406
5793,56337,662
8729,57399,402
8729,57399,405
12525,58932,529
12525,58932,541
3362,54939,451
3362,54939,453
3362,54939,456
3362,54939,465
3362,54939,469
3362,54939,470
3362,54939,471
3362,54939,472
3362,54939,473
3362,54939,474
3362,54939,476
3362,54939,477
3362,54939,478
3362,54939,484
3362,54939,486
3362,54939,489
3362,54939,492
3362,54939,495
3362,54939,496
3362,54939,499
3362,54939,503
3362,54939,504
4872,55944,516
4872,55944,542
2724,54616,452
2724,54616,456
2724,54616,457
2724,54616,461
2724,54616,466
2724,54616,470
2724,54616,472
2724,54616,475
2724,54616,478
2724,54616,480
2724,54616,488
2724,54616,490
2724,54616,494
2724,54616,495
2724,54616,496
2724,54616,498
2724,54616,500
11040,58456,518
1812,53795,47
12525,58932,759
12525,58932,769
3367,54998,33
3367,54998,34
3367,54998,36
3367,54998,41
3367,54998,43
3367,54998,46
3367,54998,49
3367,54998,50
3367,54998,52
3367,54998,53
3367,54998,54
3367,54998,57
3367,54998,61
3367,54998,62
3367,54998,70
3367,54998,74
3367,54998,75
3367,54998,76
3367,54998,80
3367,54998,81
3367,54998,83
3367,54998,86
8729,57399,624
8729,57399,632
9170,58048,686
11633,58463,805
11633,58463,820
12525,58932,864
5486,56030,808
8055,57187,232
6715,56449,360
6715,56449,362
6715,56449,368
8864,57428,348
8055,57187,381
1190,52670,238
1190,52670,265
10430,58155,452
8055,57187,541
8055,57187,551
7329,56719,662
7329,56719,695
1804,53886,583
1804,53886,592
4873,55926,858
4259,55501,732
2425,54139,181
2425,54139,197
8734,57642,430
3380,54977,562
3380,54977,564
3380,54977,568
3380,54977,569
3380,54977,574
3380,54977,580
3380,54977,583
3380,54977,585
3380,54977,586
3380,54977,591
3380,54977,593
3380,54977,595
3380,54977,599
3380,54977,600
3380,54977,602
3380,54977,605
3380,54977,606
3380,54977,608
3380,54977,610
3380,54977,612
4877,55707,9
3121,54749,11
3121,54749,17
3121,54749,18
3121,54749,19
3121,54749,20
3121,54749,25
3121,54749,30
3121,54749,32
6720,56390,496
8735,58133,963
6413,56336,662
6413,56336,720
6116,56245,710
6116,56245,744
3374,54948,75
3374,54948,79
3374,54948,87
3374,54948,88
3374,54948,89
3374,54948,90
3374,54948,93
3374,54948,96
3374,54948,102
3374,54948,107
3374,54948,109
3374,54948,111
3374,54948,112
3374,54948,113
3374,54948,114
3374,54948,117
3374,54948,118
3374,54948,122
3374,54948,127
3374,54948,128
6409,56306,990
6410,56336,4
6410,56336,12
7330,56684,957
7330,56684,961
7330,56684,962
7330,56684,966
7330,56684,971
7330,56684,974
7330,56684,975
7330,56684,977
7330,56684,989
7330,56684,994
7330,56684,1000
7331,56658,4
7331,56658,10
7331,56658,11
8732,57418,15
8732,57418,22
8864,57428,999
3106,54738,622
3106,54738,623
3106,54738,624
3106,54738,626
3106,54738,628
3106,54738,632
3106,54738,635
3106,54738,636
3109,54833,1
3109,54833,7
3109,54833,9
3109,54833,14
268,51633,66
268,51633,104
7329,56719,999
7330,56684,3
6294,56482,808
6294,56482,810
2945,54505,460
2945,54505,461
2945,54505,465
2945,54505,467
2945,54505,471
2945,54505,475
2945,54505,478
2945,54505,481
2945,54505,482
2945,54505,486
7235,56603,161
3374,54948,298
3374,54948,300
3374,54948,302
3374,54948,308
3374,54948,309
3374,54948,315
3374,54948,316
3374,54948,320
3374,54948,322
3374,54948,325
3374,54948,328
3374,54948,333
3374,54948,334
3374,54948,339
3374,54948,344
3374,54948,345
3374,54948,349
3374,54948,352
3374,54948,354
3374,54948,355
3374,54948,356
3374,54948,359
3374,54948,361
3374,54948,363
3374,54948,364
3374,54948,366
3374,54948,367
3374,54948,369
3374,54948,370
3374,54948,371
3374,54948,373
3374,54948,374
3374,54948,376
3374,54948,378
3374,54948,379
3374,54948,384
3374,54948,385
3374,54948,388
3374,54948,389
3374,54948,393
3374,54948,394
3374,54948,396
3374,54948,401
3374,54948,403
3374,54948,404
3374,54948,405
2421,54153,605
2421,54153,613
4568,55600,276
5488,56013,536
5488,56013,562
5488,56013,576
3384,54948,152
3384,54948,154
3384,54948,155
3384,54948,156
3384,54948,157
3384,54948,158
3384,54948,160
3384,54948,161
3384,54948,163
3384,54948,168
3384,54948,171
1188,52650,498
1188,52650,537
8863,57724,551
8863,57724,557
10720,58250,548
10720,58250,580
3105,54825,624
3105,54825,625
3105,54825,627
3105,54825,630
3105,54825,633
3105,54825,636
3105,54825,638
3106,54738,3
3106,54738,8
3106,54738,9
3106,54738,11
3106,54738,13
3106,54738,16
6715,56449,84
3952,55330,366
5794,56282,832
5794,56282,840
5794,56282,852
8055,57187,365
3367,54998,625
3367,54998,626
3367,54998,634
3367,54998,635
3367,54998,636
3367,54998,639
3368,54954,1
3368,54954,3
3368,54954,4
3368,54954,5
3368,54954,7
8864,57428,306
8864,57428,325
1804,53886,38
10721,58288,334
8055,57187,286
10000,58141,117
2417,53766,414
2417,53766,418
2417,53766,419
2417,53766,424
2417,53766,425
2417,53766,426
2417,53766,431
2417,53766,432
2417,53766,440
2417,53766,444
2417,53766,449
2417,53766,452
2417,53766,457
2417,53766,459
2417,53766,462
4840,55690,278
4840,55690,324
4840,55690,336
4507,55564,732
7877,56898,324
3380,54977,507
3380,54977,511
3380,54977,514
3380,54977,516
3380,54977,517
3380,54977,520
3380,54977,521
3380,54977,522
3380,54977,537
3380,54977,540
5179,55957,820
3367,54998,89
3367,54998,91
3367,54998,92
3367,54998,94
3367,54998,97
3367,54998,98
3367,54998,101
3367,54998,102
3367,54998,103
3367,54998,120
3367,54998,124
3367,54998,127
3367,54998,129
3367,54998,133
3367,54998,134
3367,54998,137
3367,54998,142
11633,58463,879
1496,52883,107
1496,52883,130
882,52370,247
5486,56030,824
10722,58281,320
10722,58281,328
3953,55322,499
3373,54940,433
3373,54940,435
3373,54940,439
3373,54940,440
3373,54940,441
3373,54940,442
3373,54940,443
3373,54940,444
3373,54940,445
3373,54940,448
3373,54940,449
3373,54940,450
3373,54940,452
3373,54940,453
3373,54940,454
3373,54940,457
3373,54940,458
3373,54940,459
3373,54940,466
3373,54940,468
3373,54940,469
3373,54940,471
3373,54940,472
3373,54940,474
3373,54940,475
3373,54940,477
3373,54940,478
3373,54940,480
3373,54940,481
3373,54940,483
3373,54940,488
6112,56191,869
8278,56990,911
7877,56898,365
7877,56898,396
7877,56898,427
5470,56008,1000
5471,56034,26
5471,56034,30
5471,56034,52
9170,58048,112
2109,53468,128
2109,53468,139
2109,53468,158
10720,58250,120
6110,56279,522
6110,56279,566
3368,54954,45
3368,54954,47
3368,54954,50
3368,54954,51
3368,54954,53
3368,54954,56
3368,54954,61
3368,54954,62
3368,54954,63
6408,56329,236
10227,58224,150
8276,57067,130
8276,57067,166
8729,57399,161
8280,57061,942
4876,55679,820
4876,55679,836
4876,55679,862
6115,56237,118
5181,56298,746
8278,56990,974
8279,57063,14
7330,56684,734
7330,56684,735
7330,56684,737
7330,56684,741
7330,56684,744
7330,56684,748
7330,56684,749
7330,56684,750
7330,56684,753
7330,56684,757
7330,56684,763
7330,56684,767
7330,56684,772
7330,56684,774
10000,58141,547
7328,56715,574
7328,56715,581
7328,56715,582
7328,56715,588
3105,54825,569
3105,54825,570
3105,54825,571
3105,54825,575
3105,54825,576
3105,54825,577
3105,54825,578
3105,54825,579
3105,54825,580
3105,54825,585
3105,54825,586
3105,54825,588
3105,54825,591
3105,54825,593
3105,54825,596
3105,54825,598
3105,54825,599
3105,54825,600
3105,54825,606
3105,54825,607
3105,54825,608
3105,54825,609
3105,54825,611
3105,54825,614
3105,54825,615
3105,54825,616
3105,54825,621
8054,57194,546
8054,57194,554
6110,56279,518
1816,53919,386
1816,53919,512
7644,57327,408
4881,55733,426
4881,55733,442
4881,55733,444
4881,55733,454
4573,55587,150
4573,55587,168
4573,55587,178
11040,58456,782
11321,58425,784
11321,58425,789
12525,58932,965
12525,58932,978
9546,57864,839
5486,56030,989
5486,56030,992
1803,54152,329
1803,54152,364
11042,58462,50
11042,58462,66
8055,57187,37
5180,55947,162
5180,55947,172
5180,55947,178
5180,55947,180
1496,52883,511
1496,52883,513
1496,52883,525
1496,52883,529
2418,53794,444
2418,53794,459
2418,53794,475
1190,52670,32
8730,57672,134
1808,54176,265
9549,57807,707
3111,54800,440
3111,54800,445
3111,54800,447
3111,54800,449
3111,54800,450
3111,54800,455
3111,54800,456
3111,54800,457
3111,54800,459
3111,54800,460
3111,54800,461
3111,54800,463
3111,54800,466
3111,54800,467
3111,54800,472
3111,54800,474
3111,54800,477
3111,54800,478
3111,54800,483
3111,54800,485
3111,54800,487
3111,54800,488
3111,54800,489
3111,54800,492
3111,54800,493
9171,58068,790
10000,58141,402
4263,55484,136
4263,55484,138
4263,55484,168
10231,58171,996
10231,58171,1000
10232,58223,2
2727,54414,216
2727,54414,217
2727,54414,219
2727,54414,220
2727,54414,221
2727,54414,223
2727,54414,224
2727,54414,233
2727,54414,234
2727,54414,235
2727,54414,241
2727,54414,244
2727,54414,246
2727,54414,248
2727,54414,249
2727,54414,252
2728,54416,585
2728,54416,586
2728,54416,590
2728,54416,591
2728,54416,592
2728,54416,598
2728,54416,599
2728,54416,601
2728,54416,603
2728,54416,604
2728,54416,605
2728,54416,606
2728,54416,610
2728,54416,611
2728,54416,617
2728,54416,623
2728,54416,625
2728,54416,628
2728,54416,632
2728,54416,634
2728,54416,636
2728,54416,637
884,52374,264
884,52374,283
8731,57416,55
8865,57426,424
3373,54940,41
3373,54940,43
3373,54940,45
3373,54940,51
3373,54940,52
3373,54940,54
3373,54940,57
3373,54940,64
3373,54940,73
3373,54940,74
3373,54940,75
3373,54940,80
3373,54940,81
3373,54940,82
3373,54940,84
3373,54940,86
3373,54940,90
3373,54940,92
3373,54940,93
3373,54940,95
4260,55478,12
8278,56990,316
8278,56990,321
10429,58145,149
10429,58145,179
6110,56279,166
6110,56279,182
4874,55673,908
6113,56219,81
7029,56455,728
7638,56981,50
2728,54416,105
2728,54416,111
2728,54416,113
2728,54416,115
2728,54416,121
2728,54416,122
2728,54416,123
2728,54416,124
3106,54738,366
3106,54738,369
3106,54738,371
3106,54738,372
3106,54738,376
3106,54738,377
3106,54738,378
3106,54738,382
3106,54738,385
3106,54738,386
3106,54738,389
3106,54738,391
5487,55982,204
5487,55982,220
8864,57428,482
8864,57428,512
7329,56719,442
6110,56279,245
7635,56979,326
5179,55957,246
6714,56447,200
6115,56237,366
6115,56237,368
6115,56237,379
10231,58171,459
7640,57311,583
7640,57311,586
11650,58508,468
3384,54948,257
3384,54948,259
3384,54948,260
3384,54948,262
3384,54948,268
3384,54948,269
3384,54948,272
3384,54948,277
3384,54948,284
3384,54948,285
3384,54948,295
3384,54948,298
3384,54948,302
3384,54948,307
3384,54948,309
2118,53820,190
3386,54952,345
3386,54952,347
3386,54952,351
3386,54952,353
3386,54952,355
3386,54952,357
3386,54952,360
3386,54952,361
3386,54952,362
3386,54952,369
3386,54952,372
3386,54952,375
3386,54952,378
3386,54952,380
3386,54952,381
3386,54952,385
3386,54952,387
3386,54952,388
3386,54952,389
3386,54952,396
7642,57651,98
4565,55591,70
4565,55591,90
3951,55681,112
3951,55681,116
3951,55681,118
2728,54416,126
2728,54416,132
2728,54416,133
2728,54416,134
2728,54416,139
2728,54416,145
2728,54416,147
2728,54416,148
2728,54416,150
2728,54416,154
2728,54416,164
2728,54416,165
2728,54416,166
2728,54416,173
2728,54416,181
883,52430,352
883,52430,426
10721,58288,539
10721,58288,549
8864,57428,713
2111,53467,373
2111,53467,377
11042,58462,657
11042,58462,668
6716,56401,614
7638,56981,16
7638,56981,47
3110,54747,173
3110,54747,174
3110,54747,175
3110,54747,186
3110,54747,187
3110,54747,189
3110,54747,192
3110,54747,194
3110,54747,199
3110,54747,206
3110,54747,207
3110,54747,208
3110,54747,209
3110,54747,214
3110,54747,216
3110,54747,220
3110,54747,223
6409,56306,942
6409,56306,972
8866,57457,170
11336,58429,12
11336,58429,31
3956,55656,26
3956,55656,28
8281,57042,474
8281,57042,515
4730,55630,974
1708,53503,102
1708,53503,174
5990,56066,472
8863,57724,584
8863,57724,611
1802,53885,614
11633,58463,677
10000,57716,127
4840,55690,788
4840,55690,820
2394,54551,632
2394,54551,633
10728,58248,457
10728,58248,466
10728,58248,511
10728,58248,518
10728,58248,539
4265,55505,970
4266,55486,56
4266,55486,64
4266,55486,78
11052,58438,650
584,52049,418
584,52049,473
8054,57194,714
8054,57194,732
3106,54738,80
3106,54738,83
3106,54738,84
3106,54738,88
3106,54738,89
3106,54738,90
3106,54738,97
3106,54738,98
3106,54738,99
6407,56311,710
3106,54738,108
3106,54738,109
3106,54738,110
3106,54738,115
3106,54738,117
3106,54738,119
3106,54738,121
3106,54738,124
3106,54738,125
3106,54738,126
3106,54738,132
1189,52668,255
3375,55003,107
3375,55003,108
3375,55003,109
3375,55003,113
3375,55003,115
3375,55003,116
3375,55003,117
3375,55003,124
3375,55003,126
3375,55003,134
3375,55003,135
3375,55003,147
3375,55003,148
3375,55003,150
3375,55003,154
3375,55003,155
3375,55003,156
4261,55503,550
7638,56981,753
7638,56981,758
7638,56981,772
5796,56274,972
11336,58429,704
8732,57418,949
8732,57418,984
10723,58287,584
887,52376,25
2424,54448,467
8868,57781,274
7034,56564,502
7034,56564,536
892,52378,265
892,52378,268
892,52378,269
892,52378,276
892,52378,281
3362,54939,354
3362,54939,355
3362,54939,356
3362,54939,358
3362,54939,360
3362,54939,362
3362,54939,363
3362,54939,365
3362,54939,366
3362,54939,368
3362,54939,369
3362,54939,370
3362,54939,371
3362,54939,372
3362,54939,374
3362,54939,378
3362,54939,379
3362,54939,381
3362,54939,388
3362,54939,390
3362,54939,392
2109,53468,360
2109,53468,377
2724,54616,284
2724,54616,291
2724,54616,292
2724,54616,293
2724,54616,299
2724,54616,300
2724,54616,304
2724,54616,306
2724,54616,309
2724,54616,310
2724,54616,313
2724,54616,314
2724,54616,318
2724,54616,323
2724,54616,326
2724,54616,328
2724,54616,330
2724,54616,331
2724,54616,333
5793,56337,470
11633,58463,411
5183,55976,906
7032,56471,3
7032,56471,16
7032,56471,39
1191,52674,318
1191,52674,321
3109,54833,136
3109,54833,138
3109,54833,139
3109,54833,140
3109,54833,145
3109,54833,149
3109,54833,150
3109,54833,152
3109,54833,153
3109,54833,154
3109,54833,155
3109,54833,156
3109,54833,160
3109,54833,161
3109,54833,162
3109,54833,163
3109,54833,164
3109,54833,167
3109,54833,169
3109,54833,173
3109,54833,174
3109,54833,185
1805,53875,458
9552,57814,87
5801,56328,704
5801,56328,708
2430,53815,235
2430,53815,328
2750,54242,581
2750,54242,615
2751,54243,44
4881,55733,284
1506,53003,337
1506,53003,352
1506,53003,355
10726,58199,213
10726,58199,221
1496,52883,533
1496,52883,542
1496,52883,556
1496,52883,562
1496,52883,567
1496,52883,574
2418,53794,506
2418,53794,554
4873,55926,282
1496,52883,613
1497,52886,3
1497,52886,8
884,52374,471
884,52374,485
884,52374,495
11329,58426,132
3373,54940,209
3373,54940,210
3373,54940,211
3373,54940,212
3373,54940,218
3373,54940,223
3373,54940,224
3373,54940,227
3373,54940,229
3373,54940,233
3373,54940,236
3373,54940,237
3373,54940,238
3373,54940,242
3373,54940,249
3373,54940,253
3373,54940,254
3373,54940,262
268,51633,335
268,51633,338
268,51633,360
5488,56013,908
5488,56013,916
3954,55680,326
886,52381,452
886,52381,462
886,52381,481
886,52381,488
4261,55503,878
3386,54952,16
3386,54952,20
3386,54952,23
3386,54952,24
3386,54952,25
3386,54952,29
3386,54952,31
3386,54952,32
3386,54952,33
3386,54952,39
3386,54952,42
3386,54952,46
3386,54952,49
3386,54952,51
3386,54952,52
2417,53766,67
2417,53766,70
2417,53766,83
2417,53766,87
2417,53766,89
