4839,55703,448
4839,55703,466
4839,55703,472
4839,55703,512
4507,55564,36
4507,55564,86
4507,55564,120
1472,52913,514
1472,52913,518
1472,52913,521
1472,52913,525
1472,52913,526
1472,52913,527
1472,52913,528
1472,52913,530
1472,52913,531
1472,52913,532
1472,52913,533
1472,52913,534
1472,52913,536
1472,52913,538
1472,52913,539
1472,52913,543
1472,52913,545
1472,52913,547
1472,52913,548
1472,52913,550
1472,52913,551
1472,52913,552
1472,52913,554
1472,52913,555
1472,52913,556
1472,52913,557
1472,52913,558
1472,52913,561
1472,52913,563
1472,52913,564
1472,52913,566
1472,52913,567
1472,52913,568
1472,52913,569
1472,52913,570
1472,52913,576
1472,52913,578
1472,52913,579
1472,52913,580
1472,52913,581
1472,52913,582
1472,52913,583
1472,52913,585
1472,52913,586
1472,52913,588
1472,52913,590
1472,52913,591
1472,52913,592
1472,52913,596
1472,52913,598
1472,52913,600
1472,52913,604
1472,52913,606
1472,52913,607
1472,52913,608
1472,52913,609
1472,52913,614
1472,52913,618
1472,52913,620
1472,52913,621
1472,52913,622
1472,52913,623
1472,52913,625
1472,52913,626
1472,52913,627
1472,52913,628
7315,56685,123
881,52368,26
573,52325,559
573,52325,605
11321,58425,16
3105,54825,63
3105,54825,64
3105,54825,69
3105,54825,71
3105,54825,74
3105,54825,75
3105,54825,77
3105,54825,79
3105,54825,80
3105,54825,83
3105,54825,85
3105,54825,88
3105,54825,92
3105,54825,93
3105,54825,96
3105,54825,97
3105,54825,98
3105,54825,101
3105,54825,102
3105,54825,103
3105,54825,104
3105,54825,106
3105,54825,108
3105,54825,111
3105,54825,115
6407,56311,772
9170,58048,772
882,52370,310
1803,54152,218
266,51630,390
3367,54998,201
3367,54998,203
3367,54998,206
3367,54998,209
3367,54998,212
3367,54998,214
3367,54998,217
3367,54998,218
3367,54998,219
3367,54998,220
3367,54998,222
3367,54998,223
3367,54998,227
3367,54998,229
3367,54998,230
3367,54998,231
3367,54998,232
3367,54998,238
3367,54998,239
3367,54998,240
3367,54998,245
3367,54998,246
3367,54998,247
3367,54998,248
3367,54998,249
3367,54998,252
3367,54998,254
2727,54414,202
2727,54414,203
2727,54414,204
2727,54414,205
2727,54414,206
2727,54414,207
2727,54414,208
2727,54414,209
2727,54414,210
2727,54414,211
2727,54414,213
2727,54414,214
2727,54414,215
5486,56030,104
6407,56311,70
6407,56311,92
1495,52944,85
1495,52944,91
1495,52944,95
1495,52944,101
1495,52944,104
5486,56030,143
12525,58932,206
12525,58932,242
2109,53468,215
2724,54616,170
2724,54616,174
2724,54616,178
2724,54616,179
2724,54616,180
2724,54616,183
2724,54616,185
2724,54616,187
2724,54616,193
2724,54616,194
9170,58048,902
4258,55481,842
4258,55481,900
11321,58425,903
11321,58425,909
8054,57194,878
8054,57194,881
8054,57194,902
8054,57194,922
3106,54738,163
3106,54738,168
3106,54738,175
3106,54738,179
3106,54738,180
3106,54738,181
3106,54738,184
3106,54738,185
3106,54738,186
3106,54738,189
2727,54414,257
2727,54414,258
2727,54414,259
2727,54414,260
2727,54414,261
2727,54414,265
2727,54414,266
2727,54414,267
2727,54414,270
2727,54414,271
2727,54414,272
2727,54414,276
2727,54414,277
2727,54414,278
2727,54414,279
2727,54414,280
2727,54414,281
2727,54414,282
2727,54414,283
2727,54414,284
2727,54414,285
2727,54414,286
2727,54414,288
2727,54414,291
2727,54414,293
2727,54414,296
2727,54414,299
2727,54414,300
2727,54414,301
2727,54414,302
2727,54414,304
2727,54414,307
4872,55944,98
4872,55944,121
5793,56337,146
8276,57067,94
8276,57067,108
7635,56979,204
11321,58425,68
2624,54380,81
2624,54380,84
2624,54380,87
2624,54380,89
2624,54380,93
2624,54380,98
2624,54380,99
2624,54380,100
2624,54380,101
2624,54380,102
2624,54380,103
2624,54380,105
2624,54380,106
2624,54380,107
2624,54380,108
2624,54380,110
2624,54380,111
2624,54380,112
2624,54380,114
2624,54380,115
2624,54380,116
2624,54380,119
2624,54380,123
2624,54380,124
2624,54380,125
2624,54380,128
2624,54380,129
2624,54380,130
2624,54380,132
2624,54380,134
2624,54380,138
2624,54380,140
2624,54380,143
2624,54380,148
2624,54380,156
2624,54380,158
2624,54380,159
2624,54380,167
2624,54380,168
2624,54380,169
2624,54380,171
2624,54380,175
2624,54380,180
2624,54380,182
2624,54380,183
2624,54380,187
1371,52821,562
1371,52821,619
1371,52821,629
3326,54943,42
3326,54943,43
3326,54943,44
3326,54943,53
3326,54943,55
3326,54943,56
3326,54943,59
3326,54943,61
3326,54943,66
3326,54943,67
3326,54943,71
3326,54943,72
3326,54943,74
3326,54943,77
3326,54943,79
3326,54943,80
3326,54943,81
3326,54943,82
9546,57864,90
9546,57864,128
11321,58425,134
10720,58250,215
3105,54825,286
3105,54825,289
3105,54825,290
3105,54825,292
3105,54825,293
3105,54825,294
3105,54825,296
3105,54825,298
3105,54825,305
3105,54825,307
3105,54825,308
3105,54825,311
3105,54825,315
3105,54825,316
3105,54825,317
3105,54825,318
3105,54825,319
3105,54825,320
3105,54825,323
3105,54825,324
3105,54825,327
3105,54825,328
3105,54825,332
3105,54825,337
3105,54825,339
1188,52650,260
9546,57864,293
881,52368,447
881,52368,473
10721,58288,44
10721,58288,60
9546,57864,970
4873,55926,50
4873,55926,54
4873,55926,124
9171,58068,47
4258,55481,994
2727,54414,372
2727,54414,374
2727,54414,375
2727,54414,378
2727,54414,379
2727,54414,380
2727,54414,381
2727,54414,383
2727,54414,385
2727,54414,389
2727,54414,390
2727,54414,391
2727,54414,392
2727,54414,393
2727,54414,395
2727,54414,396
2727,54414,397
2727,54414,399
2727,54414,400
2727,54414,401
2727,54414,402
2727,54414,403
2727,54414,404
2727,54414,406
2727,54414,409
2727,54414,410
2727,54414,413
2727,54414,414
2727,54414,421
2727,54414,422
2727,54414,424
2727,54414,425
10720,58250,788
2727,54414,146
2727,54414,150
2727,54414,151
2727,54414,154
2727,54414,155
2727,54414,157
2727,54414,158
2727,54414,160
2727,54414,161
2727,54414,162
2727,54414,164
2727,54414,165
2727,54414,168
2727,54414,169
2727,54414,170
2727,54414,171
2727,54414,173
2727,54414,177
2727,54414,178
2727,54414,180
2727,54414,181
2727,54414,182
2727,54414,184
2727,54414,185
2727,54414,186
2727,54414,187
2727,54414,188
2727,54414,190
2727,54414,191
2727,54414,194
2727,54414,197
2727,54414,198
2727,54414,199
2418,53794,138
2418,53794,142
2418,53794,147
2418,53794,159
6407,56311,898
6407,56311,910
6407,56311,954
6407,56311,956
3367,54998,371
3367,54998,373
3367,54998,383
3367,54998,384
3367,54998,386
3367,54998,391
3367,54998,392
3367,54998,396
3367,54998,397
3367,54998,403
3367,54998,404
3367,54998,405
3367,54998,406
3367,54998,411
3367,54998,412
3367,54998,413
3367,54998,416
3367,54998,417
3367,54998,421
6715,56449,26
1495,52944,123
1495,52944,135
1495,52944,139
1495,52944,145
1495,52944,156
1495,52944,168
1495,52944,190
1495,52944,208
1495,52944,229
1495,52944,235
4565,55591,271
4565,55591,286
1188,52650,444
1188,52650,469
1188,52650,486
1802,53885,471
1802,53885,496
4565,55591,570
4565,55591,613
6407,56311,472
3362,54939,506
3362,54939,507
3362,54939,508
3362,54939,509
3362,54939,510
3362,54939,512
3362,54939,519
3362,54939,520
3362,54939,527
3362,54939,528
3362,54939,529
3362,54939,530
3362,54939,531
3362,54939,532
3362,54939,533
3362,54939,534
3362,54939,537
3362,54939,539
3362,54939,540
3362,54939,541
3362,54939,542
3362,54939,548
3362,54939,550
3362,54939,551
3362,54939,553
3362,54939,557
5179,55957,526
2296,53735,112
2296,53735,129
2945,54505,379
2945,54505,384
2945,54505,385
2945,54505,388
2945,54505,389
2945,54505,390
2945,54505,391
2945,54505,402
2945,54505,403
2945,54505,404
2945,54505,405
2945,54505,407
2945,54505,408
2945,54505,410
2945,54505,411
2945,54505,416
2945,54505,417
2945,54505,420
2945,54505,423
2945,54505,426
2945,54505,428
2945,54505,429
2945,54505,430
2945,54505,432
2945,54505,433
2945,54505,434
2945,54505,436
2945,54505,437
2945,54505,440
2945,54505,442
2945,54505,443
2945,54505,445
2945,54505,446
2945,54505,448
2945,54505,454
2945,54505,458
2945,54505,459
5486,56030,442
2417,53766,353
2417,53766,355
2417,53766,357
2417,53766,364
2417,53766,367
2417,53766,377
2417,53766,379
2417,53766,380
2417,53766,381
2417,53766,384
2417,53766,385
2417,53766,398
2417,53766,407
2417,53766,409
3105,54825,510
3105,54825,515
3105,54825,517
3105,54825,519
3105,54825,521
3105,54825,524
3105,54825,526
3105,54825,534
3105,54825,538
3105,54825,539
3105,54825,541
3105,54825,542
3105,54825,545
3105,54825,546
3105,54825,547
3105,54825,548
3105,54825,549
3105,54825,550
3105,54825,554
3105,54825,556
3105,54825,559
3105,54825,564
3105,54825,565
8054,57194,479
8054,57194,484
5793,56337,766
2109,53468,515
2109,53468,548
574,52355,92
10720,58250,640
10720,58250,641
10720,58250,647
4565,55591,716
11040,58456,707
7027,56448,659
5486,56030,748
2727,54414,45
2727,54414,46
2727,54414,47
2727,54414,49
2727,54414,50
2727,54414,55
2727,54414,59
2727,54414,60
5491,56034,404
5491,56034,408
5491,56034,422
2747,54233,215
2747,54233,217
2747,54233,225
2747,54233,266
3121,54749,38
3121,54749,43
3121,54749,47
3121,54749,49
3121,54749,50
3121,54749,52
3121,54749,54
3959,55679,868
3959,55679,912
2751,54243,323
2751,54243,353
8739,57645,594
3123,54741,568
3123,54741,569
3123,54741,570
3123,54741,572
3123,54741,573
3123,54741,577
3123,54741,578
3123,54741,580
3123,54741,586
3123,54741,588
3123,54741,596
3123,54741,598
3123,54741,600
3123,54741,604
3123,54741,605
3123,54741,609
3123,54741,610
3123,54741,611
3123,54741,613
3123,54741,616
3123,54741,620
3123,54741,621
3123,54741,622
4872,55944,2
4872,55944,30
2724,54616,116
2724,54616,122
2724,54616,125
2724,54616,129
2724,54616,132
2724,54616,136
2724,54616,137
2724,54616,140
2724,54616,163
5179,55957,160
5179,55957,162
5179,55957,178
5486,56030,265
3106,54738,308
3106,54738,313
3106,54738,318
3106,54738,321
3106,54738,323
3106,54738,328
3106,54738,330
3106,54738,331
3106,54738,333
4566,55630,324
4566,55630,354
9171,58068,250
9547,57806,222
4566,55630,374
3368,54954,10
3368,54954,11
3368,54954,12
3368,54954,13
3368,54954,14
3368,54954,17
3368,54954,18
3368,54954,26
3368,54954,29
3368,54954,30
3368,54954,34
3368,54954,35
3368,54954,36
3368,54954,39
3368,54954,42
3368,54954,43
3123,54741,626
3123,54741,627
3123,54741,628
3123,54741,630
3123,54741,631
3123,54741,633
3123,54741,636
3123,54741,638
3126,54804,14
3126,54804,15
3126,54804,24
3126,54804,27
7644,57327,588
11040,58456,1
11040,58456,34
5793,56337,78
5793,56337,84
8863,57724,94
11321,58425,324
11321,58425,344
7328,56715,448
7328,56715,452
7328,56715,474
7328,56715,478
1188,52650,419
1188,52650,428
9170,58048,429
3362,54939,561
3362,54939,564
3362,54939,566
3362,54939,569
3362,54939,570
3362,54939,571
3362,54939,572
3362,54939,573
3362,54939,576
3362,54939,578
3362,54939,581
3362,54939,583
3362,54939,586
3362,54939,591
3362,54939,593
3362,54939,595
3362,54939,597
3362,54939,598
3362,54939,602
3362,54939,603
3362,54939,604
3362,54939,605
3362,54939,607
3362,54939,609
3362,54939,610
3362,54939,615
3952,55330,450
3952,55330,460
1497,52886,18
1497,52886,22
1497,52886,38
1497,52886,45
1497,52886,55
1497,52886,58
1497,52886,67
2728,54416,69
2728,54416,74
2728,54416,80
2728,54416,81
2728,54416,89
2728,54416,97
2728,54416,98
2728,54416,99
2728,54416,100
2728,54416,101
2728,54416,102
11321,58425,476
11321,58425,508
10227,58224,522
7027,56448,510
7027,56448,524
9546,57864,458
9546,57864,465
5793,56337,806
7328,56715,615
11040,58456,534
11040,58456,544
11040,58456,582
11321,58425,542
2727,54414,62
2727,54414,64
2727,54414,65
2727,54414,67
2727,54414,69
2727,54414,70
2727,54414,71
2727,54414,72
2727,54414,74
2727,54414,75
2727,54414,80
2727,54414,83
2727,54414,88
8729,57399,705
8729,57399,720
8729,57399,729
9170,58048,719
9170,58048,756
7328,56715,664
7328,56715,671
7328,56715,711
10000,58141,180
8863,57724,828
8863,57724,878
9546,57864,784
3362,54939,282
3362,54939,283
3362,54939,284
3362,54939,286
3362,54939,287
3362,54939,288
3362,54939,289
3362,54939,290
3362,54939,291
3362,54939,292
3362,54939,293
3362,54939,295
3362,54939,299
3362,54939,303
3362,54939,311
3362,54939,312
3362,54939,316
3362,54939,319
3362,54939,321
3362,54939,324
3362,54939,325
3362,54939,326
3362,54939,328
3362,54939,331
3362,54939,332
3362,54939,337
3362,54939,343
3362,54939,344
3362,54939,345
3362,54939,346
3362,54939,347
3362,54939,349
3362,54939,352
3362,54939,353
10437,58135,262
10437,58135,280
3959,55679,750
3959,55679,764
8276,57067,14
8276,57067,58
5179,55957,29
5179,55957,40
5179,55957,58
10720,58250,86
881,52368,150
881,52368,157
881,52368,165
3362,54939,169
3362,54939,170
3362,54939,171
3362,54939,172
3362,54939,173
3362,54939,176
3362,54939,178
3362,54939,179
3362,54939,184
3362,54939,186
3362,54939,187
3362,54939,191
3362,54939,193
3362,54939,195
3362,54939,196
3362,54939,199
3362,54939,200
3362,54939,202
3362,54939,203
3362,54939,205
3362,54939,206
3362,54939,208
3362,54939,211
3362,54939,218
3362,54939,219
3362,54939,222
3362,54939,224
8863,57724,211
2724,54616,226
2724,54616,227
2724,54616,230
2724,54616,233
2724,54616,251
2724,54616,252
2724,54616,257
2724,54616,258
2724,54616,259
2724,54616,267
2724,54616,279
5179,55957,310
7635,56979,441
7635,56979,493
7877,56898,80
7877,56898,183
2394,54551,520
2394,54551,522
2394,54551,523
2394,54551,526
2394,54551,529
2394,54551,530
2394,54551,531
2394,54551,533
2394,54551,534
2394,54551,535
2394,54551,536
2394,54551,537
2394,54551,539
2394,54551,541
2394,54551,543
2394,54551,546
1508,52944,417
1508,52944,443
1508,52944,455
1508,52944,474
1508,52944,491
1508,52944,512
8284,57419,283
10436,58142,454
10436,58142,549
10436,58142,560
6111,56270,8
882,52370,418
10720,58250,952
3367,54998,313
3367,54998,321
3367,54998,326
3367,54998,328
3367,54998,331
3367,54998,333
3367,54998,334
3367,54998,336
3367,54998,338
3367,54998,340
3367,54998,348
3367,54998,350
3367,54998,352
3367,54998,353
3367,54998,354
3367,54998,359
3367,54998,360
3367,54998,361
11324,58395,4
11324,58395,46
11324,58395,47
5794,56282,478
6294,56482,548
6294,56482,570
6294,56482,600
3326,54943,156
3326,54943,159
3326,54943,163
3326,54943,168
3326,54943,170
3326,54943,172
3326,54943,174
3326,54943,176
3326,54943,177
3326,54943,178
3326,54943,185
3326,54943,188
3326,54943,190
3326,54943,193
3326,54943,194
3326,54943,196
3326,54943,197
3326,54943,198
3326,54943,199
3326,54943,200
3326,54943,203
3326,54943,205
3326,54943,207
3326,54943,215
3326,54943,225
3326,54943,229
3326,54943,231
3326,54943,232
3326,54943,233
3326,54943,234
3326,54943,239
3326,54943,243
3326,54943,246
3326,54943,247
3326,54943,250
2724,54616,200
2724,54616,207
2724,54616,208
2724,54616,214
2724,54616,217
2724,54616,222
2724,54616,223
5793,56337,340
10720,58250,284
4258,55481,254
4258,55481,293
1802,53885,261
1802,53885,273
1802,53885,318
5486,56030,326
10720,58250,857
8054,57194,832
8729,57399,852
4565,55591,936
4565,55591,972
8729,57399,879
8729,57399,884
12527,58930,47
12527,58930,86
12527,58930,96
6413,56336,918
8870,57779,200
4878,55710,174
4878,55710,206
3951,55681,10
2724,54616,5
2724,54616,8
2724,54616,12
2724,54616,17
2724,54616,18
2724,54616,20
2724,54616,22
2724,54616,26
2724,54616,35
2724,54616,36
2724,54616,37
2724,54616,43
2724,54616,45
2724,54616,49
2724,54616,51
2724,54616,52
2724,54616,53
