7644,57327,568
11344,58438,131
8864,57428,686
6407,56311,722
5794,56282,466
6714,56447,902
7581,57195,972
8865,57426,335
7330,56684,75
4839,55703,868
5488,56013,174
3367,54998,602
7027,56448,205
7330,56684,963
2728,54416,638
5470,56008,830
3953,55322,802
11337,58431,758
7331,56658,459
2745,54231,360
7333,56686,239
7333,56686,501
1811,53533,126
2746,54232,117
5471,56034,362
2085,53379,314
4786,55651,208
1051,52468,121
1806,53559,522
5799,56325,436
7315,56685,824
2397,53763,153
3954,55680,26
2397,53763,294
2397,53763,380
3805,55269,972
7030,56448,623
8062,58251,467
8364,58138,897
4508,55600,814
2696,54167,214
7036,56569,156
3650,55244,563
5797,56273,546
4571,55629,668
8283,57064,560
3955,55678,598
2798,54397,112
3121,54749,378
7316,56710,622
4471,55617,598
12527,58930,462
7316,56710,726
4074,55679,180
3650,55244,202
4879,55706,38
6964,56748,208
1343,52790,516
1343,52790,572
7761,58071,668
5184,56352,944
2397,53763,597
2798,54397,290
1344,52792,74
5472,55976,980
8526,57898,241
3121,54749,261
11401,58491,267
4879,55706,998
4881,55733,58
1373,53063,444
10728,58248,108
4879,55706,272
5047,55833,850
4007,55327,928
6832,56426,132
7035,56568,222
7114,56748,184
6807,56429,130
5800,56279,834
6659,56607,364
6430,56299,856
10000,57346,426
5474,56036,377
2050,53401,85
4645,55623,456
1475,52903,110
2399,53764,195
4402,55514,720
6021,56067,288
2536,53883,213
6442,56369,922
9626,57875,332
7259,56603,149
4075,55352,626
4075,55352,644
8056,57186,464
7330,56684,398
7330,56684,414
2399,53764,603
2826,54389,171
4759,55649,112
2629,54087,208
3869,55273,292
471,51924,401
2050,53401,620
9570,57805,973
2323,54380,301
2299,53711,479
2169,53556,421
5005,55751,308
6628,56366,426
714,52201,165
7454,56751,123
3667,55566,486
4759,55649,708
7330,56684,892
2699,54414,525
4443,55539,910
6131,56211,509
6661,56366,127
4733,55649,210
2187,54270,280
8176,57131,927
5287,55952,932
7454,56751,477
4057,55357,560
3869,55273,602
4976,56046,942
7331,56658,354
354,51792,196
1883,53271,206
7454,56751,541
7454,56751,560
7454,56751,578
4077,55361,755
2325,54082,128
4057,55357,886
1376,53089,34
4027,55629,36
2561,54597,141
6153,56164,72
8303,57805,995
4077,55361,870
5049,56103,598
5476,55986,739
2300,53682,363
4058,55358,54
4760,55656,396
7454,56751,793
2300,53682,448
4202,55445,288
2800,54326,168
6252,56248,756
5358,56016,68
7454,56751,935
6599,56567,310
2187,54270,520
4629,55630,6
5029,55750,888
2800,54326,309
3870,55273,58
4789,55923,28
7455,56768,19
8732,57418,913
7832,56904,434
2018,53800,570
7455,56768,128
1909,53261,475
7153,56904,246
2861,54583,620
2827,54422,455
4760,55656,932
8414,57846,468
7424,57160,840
2216,53795,400
4851,55680,192
5478,56014,12
4789,55923,372
6793,56430,990
2800,54326,500
2800,54326,502
2888,54529,306
5885,56036,212
4479,55592,196
2053,53446,591
7455,56768,608
7260,56679,762
2951,54592,204
3808,55513,496
7260,56679,840
2563,54653,475
3590,55201,788
7425,56777,266
355,51788,507
4896,55712,928
7765,58047,962
355,51788,540
3590,55201,850
7260,56679,965
4203,55447,390
7455,56768,782
4174,55659,96
6023,56069,490
1377,53050,211
2828,54438,113
2357,53793,247
5005,55751,952
4648,55673,346
10662,58158,58
11071,58429,688
5339,55922,178
4900,55739,62
1884,53228,348
7456,56727,111
9167,58064,548
4078,55358,908
7456,56727,193
4174,55659,770
7766,58395,508
5411,55953,855
3606,55182,209
4029,55618,56
1842,53501,283
2889,54530,414
1884,53228,498
5847,56037,610
7325,56717,344
5479,56016,780
306,51637,194
3668,55478,370
7456,56727,497
5382,55982,111
9572,57837,671
4649,55621,138
3606,55182,376
7766,58395,692
7116,56681,924
7766,58395,711
6299,56478,216
5289,55893,570
10919,58255,492
3668,55478,428
7456,56727,730
3679,55209,958
7456,56727,842
4694,55649,504
6299,56478,456
2272,53713,251
7333,56686,305
4531,55563,538
7587,57297,942
4978,56036,412
3974,55320,398
7333,56686,376
11046,58398,787
7408,56780,400
7426,56771,286
2327,53710,543
2890,54495,275
3767,55214,725
7891,57332,29
7457,56746,193
4366,55536,996
2829,54623,88
668,52162,290
10248,58220,348
5442,55978,620
8211,57423,220
7834,56979,38
1910,53321,610
12544,58928,887
4854,55685,340
4901,55711,90
1740,53050,433
687,52518,572
1911,53295,68
7457,56746,429
1811,53533,454
5412,55981,940
4407,55884,904
11555,58452,922
2891,54507,21
5167,56066,723
2923,54563,158
2802,54326,223
7333,56686,888
2303,54629,15
4011,55635,602
1843,53816,90
4650,55648,540
7457,56746,764
7457,56746,774
1773,53112,79
4481,55630,734
6025,56098,804
8060,57894,302
6837,56442,190
7118,56686,38
330,52370,20
2829,54623,578
4448,55538,368
3788,55246,48
4998,55722,320
7457,56746,934
3874,55280,164
2303,54629,111
1960,53289,466
7118,56686,214
5340,56011,952
5341,55931,14
2924,54582,30
5168,56035,644
2540,54110,126
2540,54110,159
4038,55363,552
8758,58139,396
4030,55634,150
4012,55327,80
2954,54561,375
3874,55280,690
2713,54400,555
4177,55688,386
3609,55201,82
1440,53084,176
5384,55984,432
6276,56269,50
4979,56045,316
4012,55327,363
3874,55280,990
2329,53725,192
720,52206,623
4856,55712,464
4177,55688,710
4012,55327,518
5384,55984,744
10267,58223,392
2303,54629,439
10762,58390,184
10762,58390,190
8509,57843,716
1170,52756,173
3875,55364,261
2057,53816,296
5888,56041,730
7705,57332,332
2173,53874,569
2303,54629,626
5317,56000,120
585,52027,281
2057,53816,616
7857,57278,908
3650,55244,849
2865,54503,487
5201,55832,780
2753,54234,59
7055,56576,303
3826,55563,400
2058,53349,125
4013,55629,86
4013,55629,96
1844,54138,283
5999,56089,307
6302,56565,492
5415,55982,163
1886,53237,219
8193,57333,487
5774,56002,280
8064,58255,42
3232,54882,424
6054,56089,376
5361,55973,518
7391,56781,202
8212,58171,772
4013,55629,436
10293,58132,44
4903,55927,502
3232,54882,519
1886,53237,399
1886,53237,434
8229,57430,732
4179,55684,414
2542,53919,193
4236,55479,234
611,52055,538
2542,53919,322
5446,56014,64
2305,54414,173
8064,58255,415
4739,55644,998
2276,53712,102
2276,53712,106
6120,56206,626
4859,55684,226
7895,57659,474
1887,53239,107
7428,56781,472
4039,55648,310
4039,55648,326
4179,55684,865
2542,53919,486
5485,56063,424
2305,54414,474
4179,55684,996
5202,55824,522
2305,54414,506
6029,56099,394
4180,55679,212
4064,55366,104
1174,52782,576
2926,54625,186
4860,55691,34
4485,55836,36
6669,56413,368
4860,55691,126
4013,55629,836
4180,55679,559
586,52023,629
4485,55836,268
4064,55366,290
4014,55630,142
2604,54484,421
3769,55240,922
10473,58142,111
3770,55234,10
6178,56213,436
3651,55247,918
3651,55247,934
8065,58248,14
5114,55883,526
6724,56416,802
3757,55508,202
6056,56092,40
6056,56092,80
5189,56074,544
6001,56072,786
5388,55983,154
3670,55480,274
7859,57282,793
2805,54380,262
8231,58199,2
8400,57837,958
4861,55710,646
8231,58199,10
4769,55931,546
4181,55685,574
5203,56034,412
8231,58199,28
8231,58199,43
8231,58199,49
8231,58199,56
8231,58199,57
4861,55710,960
1718,53850,298
7297,57040,168
5851,56075,148
8862,57461,823
10473,58142,632
7770,58044,528
5447,55958,728
723,52201,162
7297,57040,243
7860,57006,232
6305,56563,800
1655,53523,148
7297,57040,451
5448,56013,12
6725,56390,132
1655,53523,316
4182,55446,422
6459,56273,134
3615,56544,58
6136,56206,816
749,52226,386
6672,56386,398
3305,54945,300
986,52443,143
5008,55744,930
7902,57362,322
8512,57903,969
4040,55605,538
5900,56043,281
4015,55624,728
3963,55659,35
5419,55983,557
5741,55980,922
6459,56273,444
3791,55501,364
5204,56036,306
4864,55680,468
6057,56099,958
3771,55544,416
4576,55592,26
7746,58074,167
4955,55750,670
2308,54379,334
4576,55592,141
6137,56270,470
2806,54425,225
5190,56077,592
4033,55332,267
986,52443,517
644,52173,554
1720,53854,149
8534,57905,978
8166,57130,922
1446,53080,554
4016,55632,674
1720,53854,209
6307,56205,178
2806,54425,311
6674,56416,90
7298,56661,689
3848,55647,241
5420,56009,298
4865,55713,838
2193,53888,630
5009,55707,862
4956,55737,286
852,52375,212
364,52000,105
7393,56749,410
4017,55329,110
2929,54616,558
8829,57446,409
3926,55327,864
3772,55277,58
4347,55830,7
5390,56002,598
8232,58135,989
5320,55999,662
2194,53904,463
1890,53237,337
4886,55737,246
2063,53359,547
6261,56219,501
2334,53713,394
645,52203,461
5190,56077,960
6725,56390,788
7600,56984,247
9576,57864,802
6033,56069,600
4183,55447,629
2157,54242,270
3656,55241,496
854,52373,579
2807,54433,498
4183,55447,972
2669,54086,513
4743,55645,784
5175,55955,434
4184,55450,115
2669,54086,593
6034,56103,95
4456,55537,452
4042,55626,542
3964,55648,250
282,51658,110
4869,55896,148
6034,56103,252
6034,56103,282
752,52251,467
3772,55277,790
1891,53238,182
1187,52708,199
1187,52708,417
2280,53680,582
6637,56370,624
8290,57364,418
5421,55980,312
2178,54629,60
6418,56354,980
5421,55980,494
1721,53857,561
7394,57131,444
6492,56362,546
1891,53238,325
4655,55620,236
925,52411,29
4700,55709,823
6677,56385,496
2310,53710,233
2931,54590,412
4664,56192,880
6309,56485,584
337,51997,175
4415,55831,864
4043,55630,180
8876,57783,333
988,52520,504
1891,53238,532
3696,55277,184
1916,53269,192
3237,54883,458
2248,53558,74
2931,54590,578
8290,57364,998
3812,55513,924
5367,55986,158
2248,53558,172
1892,53238,186
1722,53852,345
6756,56426,559
6061,56076,456
9558,57806,632
6005,56090,740
1916,53269,502
1916,53269,536
2336,53712,537
4185,55469,692
4701,55709,158
2248,53558,418
6005,56090,917
6679,56401,404
7375,56981,349
5393,55946,284
5704,56187,95
2808,54524,473
7649,57574,227
2248,53558,498
4457,55858,698
5807,56329,511
4186,55691,412
861,52318,352
4186,55691,552
8876,57783,907
6639,56385,81
1660,53230,546
6062,56091,12
5961,56460,961
5422,55986,844
11348,58438,429
2498,54169,593
3931,55350,836
8494,57104,644
3964,55648,926
1693,53446,144
2812,54639,86
2812,54639,112
1251,52964,14
4458,55536,90
1917,53557,254
7606,56977,182
5394,56001,192
7162,56605,16
809,52647,476
2249,53566,231
5423,55958,110
2933,54617,378
3933,55335,224
7302,57012,206
491,51942,59
5423,55958,334
367,51997,564
2812,54639,185
6310,56455,968
1251,52964,39
2249,53566,295
727,52207,474
8494,57104,987
5191,56065,828
727,52207,550
6782,56572,627
4617,55617,502
4886,55737,988
6311,56447,148
4018,55622,644
2812,54639,428
10272,58172,500
1326,52764,78
4775,55708,626
1251,52964,167
426,51882,488
3310,54919,559
2249,53566,540
8495,57481,260
7162,56605,611
8068,57185,294
728,52520,347
5904,56046,570
4637,55616,648
4018,55622,1000
427,51900,133
4187,55693,346
4187,55693,378
7680,58131,432
6494,56363,450
8404,57481,574
4802,55652,822
3794,55241,598
2673,54096,251
10748,58224,568
4187,55693,488
7433,57166,802
3658,55205,556
2646,54479,119
3775,55207,132
4045,55622,826
11349,58441,56
5454,56015,662
2250,53566,595
2815,54414,254
11060,58523,766
4046,55605,214
3937,55352,16
3853,55268,316
2902,54629,515
2872,54533,497
1385,53108,423
3794,55241,954
591,52022,463
2339,53729,267
7823,56978,52
8386,57518,255
4270,55511,736
5808,56325,420
2069,53376,553
2069,53376,621
7572,56944,326
6008,56093,90
2848,54453,285
2339,53729,426
5981,56340,201
4722,55735,268
2522,54570,448
5325,55980,738
9160,57656,580
8878,57785,161
3853,55268,852
4776,55652,318
6495,56339,186
3833,55290,690
4187,55693,924
7842,56899,749
8832,57445,369
5370,56003,58
6688,56412,253
7304,56745,123
5208,56008,314
7377,56741,414
4559,55597,338
7691,58487,912
2314,53712,168
5455,56009,670
4559,55597,558
10256,58193,324
4749,55633,188
6822,56711,196
2070,53729,423
5348,55978,668
4019,55363,648
8496,58159,974
4703,55617,348
6037,56106,518
2965,54594,90
1137,52971,151
730,52466,625
6689,56396,234
6802,56456,256
11126,58436,58
1573,53226,117
7710,58284,796
5193,56066,26
7573,56946,518
2676,54179,632
6879,56539,704
6641,56383,846
2441,54065,188
3942,55338,8
2677,54180,92
4189,55679,42
1979,53431,177
2904,54574,511
2552,54632,212
3673,55178,416
4723,56033,144
3776,55209,716
1329,52767,389
5983,56310,70
2874,54561,484
6313,56460,904
3776,55209,858
8424,58248,155
2552,54632,468
2817,54627,189
4619,55599,920
1254,52972,170
2441,54065,531
2072,53430,476
2553,54631,23
496,51988,612
5427,56001,228
2441,54065,598
2760,54506,391
6038,56090,326
2817,54627,623
1876,54464,623
7398,56781,364
6692,56390,820
570,52266,596
2876,54581,271
6693,56384,54
6438,56367,978
4190,55686,616
4190,55686,620
4724,55742,734
4750,55630,757
2253,54551,144
6482,56358,146
2818,54616,148
2818,54616,185
1254,52972,590
4966,55712,356
6439,56358,42
572,52289,166
3948,55331,95
702,52178,534
8851,57460,405
2876,54581,522
1728,53228,468
6143,56267,884
1522,52932,588
4807,55687,224
3857,55272,232
7253,56598,650
3816,55272,560
4422,55533,708
4989,56069,840
7253,56598,736
7844,56982,571
4779,55656,118
7711,57667,945
6012,56101,468
2315,53741,18
2232,53827,382
6422,56328,670
6697,56419,357
3777,55210,930
7059,56592,892
6825,56717,192
3816,55272,750
2818,54616,561
7306,56684,528
8238,58171,328
1255,52962,387
7624,57039,847
7575,56947,906
6315,56181,989
7625,57011,411
4891,55736,366
2380,53759,413
783,52325,505
7254,56625,321
4603,55999,898
733,52207,152
1255,52962,486
967,52636,319
344,51693,187
7825,57030,800
2182,53905,446
2182,53905,523
4050,55599,14
3674,55182,420
8521,58175,146
5782,56272,66
2205,53793,64
4496,55544,852
4192,55469,154
5372,55978,518
4705,55705,243
4705,55705,250
6439,56358,726
7081,56684,312
4192,55469,384
10654,58429,543
2819,54617,375
2382,54169,44
6703,56636,530
7166,56602,814
2680,54141,2
1900,53262,191
7870,57016,353
5461,56018,88
4684,56226,658
1211,52964,378
2316,53757,233
2382,54169,322
5985,56089,810
4705,55705,664
4021,55620,326
4021,55620,352
6645,56398,292
2183,53536,187
5461,56018,570
6144,56237,808
5003,55715,394
2257,53612,73
2257,53612,83
6712,56421,603
4021,55620,474
3779,55222,238
6713,56402,834
1421,53149,517
5351,55952,336
2908,54611,25
2555,54265,457
1878,54474,391
2528,54571,599
2257,53612,411
433,51873,133
5401,55949,352
2940,54508,260
6986,56717,30
1576,53496,130
5430,56000,351
5126,55923,241
6787,56447,596
4992,55723,246
2853,54440,3
4194,55450,103
4194,55450,130
8427,57846,86
635,52145,446
10912,58253,359
7653,57306,618
5194,56062,566
5194,56062,620
5462,55978,506
2383,53800,577
8836,57424,194
2820,54599,255
4832,55680,747
4194,55450,174
4194,55450,180
4194,55450,256
4194,55450,264
2853,54440,113
2940,54508,590
6318,56186,262
5064,55864,328
346,51693,346
2820,54599,363
8390,57485,163
4291,55525,18
4194,55450,340
7255,56597,342
4992,55723,534
5430,56000,736
5064,55864,483
460,51924,525
2258,54328,106
6986,56717,437
3779,55222,908
8747,57401,896
4499,55572,376
2620,54397,35
5043,56187,726
4833,55679,348
7255,56597,393
1878,54474,602
635,52145,472
2078,53378,45
3802,55528,882
4499,55572,724
4022,55352,790
7381,56717,598
5064,55864,738
2620,54397,110
7730,58107,802
736,52221,57
6646,56389,860
3836,55302,874
2258,54328,416
11279,58449,700
3735,55209,724
7401,56808,164
2620,54397,195
5463,56003,790
2258,54328,506
1702,53144,507
3138,54740,422
4195,55452,130
2682,54401,569
2682,54401,601
10752,58488,705
2258,54328,607
5859,56065,820
7872,57279,234
7255,56597,938
5044,56186,346
6453,56365,480
5402,55927,778
4195,55452,425
413,51821,489
7731,58130,177
1257,52944,39
1257,52944,70
1257,52944,111
11081,58398,703
