plate,mjd,fiberid
3110,54747,374
3110,54747,376
3110,54747,379
3110,54747,381
3110,54747,389
3110,54747,392
2423,54149,274
7331,56658,964
7331,56658,966
7331,56658,967
7331,56658,968
7331,56658,969
7331,56658,970
7331,56658,973
4263,55484,544
2119,53792,354
4877,55707,976
1191,52674,285
1191,52674,291
7330,56684,120
7330,56684,128
7330,56684,130
7330,56684,135
7330,56684,136
7330,56684,139
7330,56684,141
7330,56684,144
7330,56684,146
7330,56684,151
7330,56684,152
7330,56684,159
7330,56684,161
7330,56684,164
7330,56684,165
7330,56684,169
7330,56684,170
7330,56684,228
7330,56684,229
7330,56684,233
7330,56684,235
7330,56684,236
7330,56684,246
7330,56684,247
7330,56684,250
7330,56684,255
7330,56684,257
7330,56684,258
7330,56684,263
7330,56684,266
7330,56684,267
7330,56684,268
7330,56684,271
7330,56684,272
7330,56684,275
7330,56684,276
7330,56684,279
3953,55322,354
7028,56449,330
7329,56719,600
10721,58288,673
267,51608,487
2728,54416,415
2728,54416,418
2728,54416,422
2728,54416,430
2728,54416,445
2728,54416,455
2728,54416,463
3368,54954,405
3368,54954,409
3368,54954,413
3368,54954,414
3368,54954,415
3368,54954,420
1505,52941,516
1505,52941,520
1505,52941,562
3114,54773,122
828,52317,538
828,52317,542
828,52317,571
1473,52908,259
1473,52908,260
1473,52908,263
1473,52908,269
3362,54939,617
3362,54939,619
3362,54939,626
3362,54939,627
3362,54939,628
3362,54939,634
3367,54998,7
3367,54998,9
3367,54998,10
3367,54998,31
8054,57194,618
8054,57194,658
1495,52944,618
2110,53467,79
266,51630,471
11634,58484,124
10721,58288,114
3367,54998,426
3367,54998,444
3367,54998,446
3367,54998,450
4258,55481,36
12525,58932,82
12525,58932,114
3114,54773,137
3114,54773,141
3114,54773,142
3114,54773,147
3114,54773,150
3114,54773,151
3114,54773,152
3114,54773,160
3114,54773,162
3114,54773,170
11650,58508,199
3373,54940,353
3373,54940,354
3373,54940,366
3373,54940,367
3373,54940,368
3373,54940,373
885,52379,57
6112,56191,613
3109,54833,415
3109,54833,426
3109,54833,428
3109,54833,437
3109,54833,446
3109,54833,448
3109,54833,449
3109,54833,451
3373,54940,378
3373,54940,386
3373,54940,387
3373,54940,388
3373,54940,394
6415,56310,166
893,52589,315
3121,54749,154
1201,52674,562
2945,54505,612
2945,54505,614
2945,54505,624
2945,54505,628
2945,54505,634
2946,54506,1
2946,54506,3
2946,54506,10
2946,54506,14
2946,54506,19
2946,54506,27
2946,54506,34
2946,54506,36
2946,54506,41
11653,58526,766
11653,58526,813
11653,58526,818
11653,58526,832
11653,58526,852
2420,54086,230
2420,54086,252
5487,55982,738
5487,55982,766
10722,58281,312
3362,54939,449
3362,54939,450
3362,54939,452
3362,54939,454
3362,54939,455
3362,54939,461
3362,54939,464
3362,54939,466
3362,54939,475
3362,54939,483
3362,54939,487
3362,54939,488
3362,54939,498
3362,54939,502
2724,54616,449
2724,54616,473
2724,54616,474
2724,54616,477
2724,54616,489
3380,54977,563
3380,54977,566
3380,54977,570
3380,54977,571
3380,54977,572
3380,54977,573
3380,54977,575
3380,54977,577
3380,54977,588
3380,54977,589
3380,54977,592
3380,54977,598
3380,54977,607
3380,54977,614
3380,54977,615
1192,52649,69
575,52319,48
6409,56306,592
1509,52942,214
1509,52942,216
1509,52942,220
1509,52942,225
1509,52942,226
1509,52942,232
1509,52942,237
1509,52942,245
1509,52942,251
3957,55664,330
8283,57064,325
3390,54945,386
3390,54945,387
3390,54945,388
3390,54945,389
3390,54945,393
3390,54945,394
3390,54945,395
3390,54945,398
3390,54945,400
3390,54945,402
3390,54945,406
3390,54945,407
3390,54945,409
3390,54945,411
3390,54945,412
3390,54945,413
3105,54825,287
3105,54825,288
3105,54825,295
3105,54825,300
3105,54825,303
3105,54825,313
3105,54825,321
3105,54825,329
3105,54825,336
3105,54825,340
1188,52650,262
1188,52650,296
1188,52650,306
5486,56030,408
5486,56030,411
4839,55703,846
4839,55703,850
1473,52908,133
1473,52908,138
1473,52908,178
1473,52908,182
1473,52908,183
1473,52908,190
1473,52908,196
1473,52908,225
1473,52908,227
1473,52908,229
1473,52908,231
1473,52908,235
7315,56685,345
7315,56685,374
7315,56685,404
7315,56685,418
7315,56685,426
7315,56685,437
7315,56685,439
3954,55680,972
8058,57196,294
8058,57196,302
3112,54802,254
3112,54802,257
3112,54802,261
3112,54802,264
3112,54802,274
3112,54802,285
3112,54802,288
3112,54802,290
3112,54802,292
3112,54802,296
3112,54802,298
3112,54802,299
3112,54802,303
887,52376,503
1197,52668,608
12533,58931,122
8866,57457,548
1189,52668,180
2727,54414,97
2727,54414,102
2727,54414,109
2727,54414,139
2727,54414,141
3375,55003,612
3375,55003,627
3375,55003,630
3375,55003,634
3375,55003,635
3375,55003,640
3377,54950,6
3377,54950,11
3377,54950,12
3377,54950,15
1808,54176,516
1188,52650,20
1188,52650,27
1188,52650,36
2945,54505,266
2945,54505,267
2945,54505,268
2945,54505,271
2945,54505,272
2945,54505,274
2945,54505,291
2945,54505,296
2945,54505,307
2945,54505,315
2945,54505,319
2945,54505,321
2945,54505,324
2945,54505,332
2945,54505,340
2945,54505,343
2945,54505,358
2945,54505,364
2945,54505,365
2945,54505,367
2945,54505,377
1050,52721,311
3367,54998,628
3367,54998,629
3367,54998,630
3367,54998,632
3368,54954,6
8055,57187,944
2421,54153,139
2421,54153,165
2421,54153,192
3110,54747,111
3110,54747,118
3110,54747,122
3110,54747,125
3110,54747,131
3114,54773,467
3114,54773,468
3114,54773,471
3114,54773,489
3114,54773,491
3114,54773,492
3114,54773,493
3114,54773,498
3114,54773,500
3114,54773,501
3114,54773,504
3114,54773,509
3114,54773,514
3114,54773,517
3114,54773,520
5187,56074,435
5187,56074,476
2624,54380,470
2624,54380,471
2624,54380,485
2624,54380,486
2624,54380,490
2624,54380,496
2624,54380,505
2624,54380,508
2624,54380,516
1372,53062,295
3112,54802,198
3112,54802,200
3112,54802,201
3112,54802,203
3112,54802,211
3112,54802,221
3112,54802,227
3112,54802,229
3121,54749,9
3121,54749,10
3121,54749,23
3121,54749,24
3121,54749,26
3121,54749,27
3121,54749,28
3121,54749,31
3121,54749,33
3121,54762,35
3121,54749,37
6413,56336,648
6413,56336,692
10229,58441,707
1192,52649,294
1192,52649,315
1192,52649,330
6716,56401,672
2421,54153,271
2421,54153,275
2421,54153,297
2421,54153,307
2421,54153,320
2421,54153,322
8058,57196,240
3377,54950,250
3377,54950,251
3377,54950,273
3377,54950,274
3377,54950,289
3377,54950,291
3384,54948,166
3384,54948,167
3384,54948,169
3384,54948,170
3384,54948,173
3384,54948,188
885,52379,232
3123,54741,291
3123,54741,297
3123,54741,299
3123,54741,302
3123,54741,305
3123,54741,306
3123,54741,316
3123,54741,317
3123,54741,320
3123,54741,322
3123,54741,325
3123,54741,326
3123,54741,327
3123,54741,329
3123,54741,330
3123,54741,331
3123,54741,334
3123,54741,335
3123,54741,338
6117,56272,826
740,52263,49
740,52263,112
740,52263,133
740,52263,160
3123,54741,461
3123,54741,462
3123,54741,463
3123,54741,466
3123,54741,469
3123,54741,470
3123,54741,475
3123,54741,476
3123,54741,480
3123,54741,485
3123,54741,489
3123,54741,496
1188,52650,341
1188,52650,344
1188,52650,357
7029,56455,167
12531,58932,649
885,52379,143
885,52379,161
885,52379,173
5488,56013,192
2742,54233,476
2742,54233,504
10000,57716,786
1505,52941,393
1505,52941,397
1505,52941,398
1505,52941,409
1505,52941,414
1505,52941,441
1505,52941,442
1505,52941,452
1505,52941,472
1505,52941,482
1505,52941,487
1505,52941,493
1505,52941,499
1197,52668,457
1197,52668,475
1499,53001,195
1499,53001,205
1499,53001,206
1499,53001,219
1499,53001,229
1499,53001,236
1499,53001,238
1499,53001,241
1499,53001,244
1499,53001,251
3373,54940,489
3373,54940,494
3373,54940,495
3373,54940,496
3373,54940,506
3373,54940,514
3373,54940,529
3373,54940,531
3373,54940,532
3373,54940,534
3373,54940,535
3373,54940,537
2397,53763,223
2397,53763,224
2397,53763,226
2397,53763,234
2397,53763,247
2397,53763,257
2397,53763,258
2397,53763,261
2397,53763,264
2397,53763,267
2397,53763,275
2397,53763,278
2397,53763,284
2397,53763,286
2397,53763,292
2397,53763,296
2397,53763,301
2397,53763,306
1107,52968,228
1107,52968,229
469,51913,336
6046,56096,620
2696,54167,207
2696,54167,212
2696,54167,216
1188,52650,511
1188,52650,556
3105,54825,628
3105,54825,629
3105,54825,632
3106,54738,1
3106,54738,2
3106,54738,12
3106,54738,15
3106,54738,19
7329,56719,308
3373,54940,434
3373,54940,451
3373,54940,467
3373,54940,473
3373,54940,486
3373,54940,487
5470,56008,992
7315,56685,458
5181,56298,702
7330,56684,739
7330,56684,740
7330,56684,745
7330,56684,754
7330,56684,760
7330,56684,768
7330,56684,769
7330,56684,770
7330,56684,773
7330,56684,775
7330,56684,777
7330,56684,778
7330,56684,781
7330,56684,782
7330,56684,785
7330,56684,787
7328,56715,571
3105,54825,567
3105,54825,568
3105,54825,572
3105,54825,573
3105,54825,581
3105,54825,592
3105,54825,594
3105,54825,595
3105,54825,603
3105,54825,604
3105,54825,613
3105,54825,617
3105,54825,618
3105,54825,620
2418,53794,203
2418,53794,214
2418,53794,235
5471,56034,797
5471,56034,860
5471,56034,864
621,52055,507
621,52055,516
3112,54802,312
3112,54802,316
3112,54802,317
3112,54802,325
3112,54802,338
3112,54802,341
3112,54802,345
3112,54802,354
3112,54802,356
3112,54802,361
3112,54802,365
1501,53740,393
1501,53740,424
8276,57067,42
3106,54738,81
3106,54738,82
3106,54738,87
3106,54738,91
3106,54738,92
3106,54738,93
3106,54738,95
3106,54738,104
3106,54738,105
10429,58145,753
3106,54738,111
3106,54738,113
3106,54738,118
3106,54738,127
1189,52668,276
1189,52668,283
2394,54551,525
2394,54551,538
2394,54551,552
6294,56482,643
7333,56686,198
7333,56686,202
7333,56686,203
7333,56686,206
7333,56686,210
7333,56686,212
7333,56686,214
7333,56686,218
7333,56686,220
7333,56686,223
7333,56686,225
7333,56686,226
7333,56686,227
7333,56686,229
7333,56686,230
7333,56686,231
7333,56686,232
7333,56686,234
7333,56686,236
7333,56686,241
7333,56686,243
7333,56686,244
7333,56686,245
7333,56686,249
3114,54773,532
3114,54773,533
3114,54773,534
3114,54773,537
3114,54773,539
3114,54773,542
3114,54773,543
3114,54773,544
3114,54773,545
3114,54773,550
3114,54773,553
3114,54773,556
3114,54773,559
3114,54773,563
3114,54773,569
3114,54773,572
3114,54773,573
2428,53801,168
2428,53801,176
2428,53801,190
7761,58071,230
3122,54821,371
3122,54821,373
3122,54821,376
3122,54821,380
3122,54821,383
3122,54821,384
3951,55681,100
5491,56034,228
5491,56034,240
5491,56034,250
5491,56034,296
5491,56034,304
1198,52669,203
1198,52669,214
1198,52669,244
2739,54618,385
2739,54618,386
2739,54618,401
2739,54618,415
2739,54618,424
3954,55680,110
5796,56274,722
7331,56658,404
7331,56658,405
7331,56658,409
7331,56658,412
7331,56658,414
7331,56658,415
7331,56658,417
7331,56658,418
7331,56658,419
7331,56658,422
7331,56658,425
7331,56658,429
7331,56658,431
7331,56658,432
7331,56658,433
7331,56658,434
7331,56658,435
7331,56658,440
7331,56658,442
7331,56658,444
7331,56658,449
7331,56658,454
7331,56658,457
4261,55503,479
269,51910,201
269,51910,204
269,51910,206
269,51910,209
269,51910,212
5796,56274,346
7032,56471,335
3384,54948,93
3384,54948,109
3384,54948,115
1510,52992,125
1510,52992,147
1510,52992,149
1510,52992,154
1510,52992,157
10728,58248,346
10728,58248,390
4879,55706,360
4879,55706,374
4879,55706,406
4786,55651,566
4786,55651,572
4786,55651,576
4786,55651,628
2049,53350,53
2049,53350,55
2049,53350,58
2049,53350,64
2049,53350,75
2049,53350,81
2049,53350,83
7452,56745,143
7452,56745,145
7452,56745,147
7452,56745,148
7452,56745,150
7452,56745,152
7452,56745,154
7452,56745,155
7452,56745,157
7452,56745,159
7452,56745,162
7452,56745,163
7452,56745,166
7452,56745,169
7452,56745,171
7452,56745,172
7452,56745,175
7452,56745,177
7452,56745,180
7452,56745,181
7452,56745,186
7452,56745,187
7452,56745,190
7452,56745,191
7452,56745,192
7452,56745,195
7452,56745,198
7452,56745,199
7452,56745,200
7452,56745,202
7452,56745,203
7452,56745,206
7452,56745,208
7452,56745,209
7452,56745,213
7452,56745,218
7452,56745,219
7452,56745,220
7452,56745,222
7452,56745,223
7452,56745,226
7452,56745,231
7452,56745,234
7452,56745,235
7452,56745,236
5161,55968,736
5161,55968,747
5161,55968,757
5161,55968,768
4266,55486,237
6295,56536,194
3326,54943,490
3326,54943,494
3326,54943,500
3326,54943,501
3326,54943,503
3326,54943,505
3326,54943,506
3326,54943,508
3326,54943,514
3326,54943,515
3326,54943,529
3326,54943,532
3326,54943,534
3326,54943,549
3326,54943,550
3326,54943,553
3326,54943,554
3326,54943,555
3326,54943,566
276,51909,455
276,51909,458
2429,53799,145
2429,53799,184
581,52356,379
1506,53003,321
1506,53003,325
1506,53003,329
1506,53003,343
1506,53003,369
1506,53003,376
1506,53003,389
1506,53003,400
1506,53003,405
1506,53003,410
1506,53003,416
269,51910,513
3375,55003,110
3375,55003,112
3375,55003,114
3375,55003,129
3375,55003,149
3375,55003,151
3375,55003,152
3375,55003,153
4261,55503,502
5797,56273,10
3373,54940,213
3373,54940,214
3373,54940,215
3373,54940,231
3373,54940,232
3373,54940,234
3373,54940,235
3373,54940,241
3373,54940,244
3373,54940,246
3373,54940,255
3373,54940,256
3373,54940,260
268,51633,324
5488,56013,874
1765,53466,321
1765,53466,348
469,51913,153
2748,54234,257
2696,54167,91
2696,54167,99
2696,54167,102
2696,54167,107
2696,54167,143
2696,54167,148
2696,54167,154
2696,54167,162
2696,54167,164
2696,54167,168
2696,54167,169
2696,54167,171
2696,54167,172
2696,54167,178
2696,54167,187
2696,54167,190
2696,54167,195
2696,54167,197
584,52049,504
2430,53815,491
2430,53815,574
4841,55895,550
829,52296,77
829,52296,80
829,52296,90
2049,53350,145
2049,53350,148
2049,53350,158
2417,53766,584
2417,53766,586
2417,53766,593
2417,53766,603
2417,53766,605
2417,53766,610
2417,53766,611
2417,53766,619
2417,53766,621
2417,53766,623
2417,53766,638
2417,53766,639
1496,52883,83
1496,52883,86
1496,52883,95
8504,57518,643
8504,57518,654
6963,56724,316
6963,56724,334
1707,53885,639
3373,54940,267
3373,54940,269
3373,54940,271
3373,54940,274
3373,54940,275
3373,54940,286
3373,54940,289
3373,54940,290
3373,54940,291
3373,54940,292
3373,54940,304
3373,54940,307
3373,54940,309
3373,54940,310
3373,54940,311
3373,54940,312
3373,54940,313
3373,54940,315
3373,54940,316
3373,54940,319
3373,54940,320
2729,54419,455
2729,54419,457
2729,54419,501
2729,54419,504
8056,57186,537
7404,56776,705
416,51811,545
3121,54749,596
3121,54749,599
3121,54749,609
3121,54749,616
3122,54821,19
3122,54821,20
3122,54821,21
3122,54821,23
3122,54821,25
3122,54821,36
3122,54821,49
3122,54821,53
3122,54821,54
3122,54821,63
3122,54821,72
4876,55679,8
1189,52668,528
7329,56719,26
7329,56719,60
7329,56719,68
894,52615,23
1195,52724,261
3380,54977,68
3380,54977,73
3380,54977,84
3380,54977,86
3367,54998,51
3367,54998,55
3367,54998,66
3367,54998,69
3367,54998,84
11633,58463,789
11633,58463,790
5486,56030,792
3109,54833,583
3109,54833,589
3109,54833,591
3109,54833,592
3109,54833,593
3109,54833,595
3109,54833,597
3109,54833,610
3109,54833,611
3109,54833,614
3109,54833,630
3109,54833,634
5488,56013,116
1499,53001,399
1499,53001,404
1499,53001,419
1499,53001,421
1499,53001,423
1499,53001,427
1499,53001,429
885,52379,269
885,52379,338
6409,56306,892
5799,56325,170
2425,54139,123
5493,56009,136
5990,56066,758
4731,55656,162
12527,58930,242
12527,58930,243
4508,55600,842
