plate,mjd,fiberid
9368,57817,819
9368,57817,825
6529,56535,158
6529,56535,253
739,52520,626
10726,58199,782
2428,53801,45
7328,56715,892
2397,53763,322
2397,53763,324
2397,53763,340
2397,53763,343
2397,53763,344
2397,53763,347
2397,53763,348
2397,53763,369
2397,53763,370
2397,53763,371
2397,53763,381
2397,53763,387
2397,53763,388
2397,53763,396
2397,53763,401
2397,53763,402
2397,53763,403
2397,53763,404
2397,53763,409
2397,53763,415
2397,53763,423
2397,53763,425
2397,53763,427
2397,53763,428
5864,56047,812
5864,56047,860
4569,55631,48
1501,53740,557
1501,53740,559
1501,53740,584
1501,53740,589
1501,53740,596
1501,53740,598
1501,53740,600
1501,53740,601
1501,53740,606
272,51941,128
272,51941,133
1199,52703,565
1199,52703,604
582,52045,416
1343,52790,540
6415,56310,742
6415,56310,788
3390,54945,50
3390,54945,51
3390,54945,52
3390,54945,53
3390,54945,68
3390,54945,70
3390,54945,73
2049,53350,160
7452,56745,239
7452,56745,247
7452,56745,248
7452,56745,253
7452,56745,254
7452,56745,255
7452,56745,256
7452,56745,263
7452,56745,265
7452,56745,266
7452,56745,270
7452,56745,272
7452,56745,273
7452,56745,274
7452,56745,276
7452,56745,279
7452,56745,280
7452,56745,281
7452,56745,282
7452,56745,286
7452,56745,292
7452,56745,293
7452,56745,294
7452,56745,301
7452,56745,302
7452,56745,305
7452,56745,307
7452,56745,308
7452,56745,310
7452,56745,313
7452,56745,316
7452,56745,321
7452,56745,324
7452,56745,325
7452,56745,328
7452,56745,331
7452,56745,333
7452,56745,334
7452,56745,335
7452,56745,337
7452,56745,338
7452,56745,339
7452,56745,340
7452,56745,341
7452,56745,344
7452,56745,347
7452,56745,348
7452,56745,349
7452,56745,350
4471,55617,418
4471,55617,420
4471,55617,422
4471,55617,444
4471,55617,489
4471,55617,490
4877,55707,74
4877,55707,96
5490,56003,990
3386,54952,70
3386,54952,72
3386,54952,74
3386,54952,75
3386,54952,86
3386,54952,89
3386,54952,91
3121,54749,390
3121,54749,393
3121,54749,394
2724,54616,197
2724,54616,209
2724,54616,211
881,52368,318
5486,56030,337
5486,56030,340
5486,56030,358
5486,56030,370
274,51913,270
12545,58930,860
4840,55690,78
828,52317,118
828,52317,237
3373,54940,323
3373,54940,332
3373,54940,334
3373,54940,336
2945,54505,549
2945,54505,556
2945,54505,566
2945,54505,577
2945,54505,590
2945,54505,592
2945,54505,595
2945,54505,601
7404,56776,744
7404,56776,745
4095,55497,248
4264,55506,787
1507,53763,627
1507,53763,632
1507,53763,640
1508,52944,5
1508,52944,9
1508,52944,12
1508,52944,15
1508,52944,18
1508,52944,19
1508,52944,23
1508,52944,103
3388,54947,425
3388,54947,426
3388,54947,427
3388,54947,429
3388,54947,433
3388,54947,434
3388,54947,435
3388,54947,441
3388,54947,443
3388,54947,450
3388,54947,452
3388,54947,459
4879,55706,802
4879,55706,812
1107,52968,481
1107,52968,482
1107,52968,489
469,51913,527
469,51913,561
9152,58041,890
9152,58041,939
1509,52942,396
1509,52942,401
1509,52942,421
1509,52942,448
1509,52942,450
1509,52942,451
1509,52942,456
1509,52942,458
1509,52942,468
1509,52942,470
1509,52942,479
1509,52942,490
10720,58250,820
2727,54414,152
2727,54414,163
2727,54414,193
7328,56715,788
7328,56715,798
6407,56311,912
8054,57194,955
3367,54998,369
3367,54998,372
3367,54998,374
3367,54998,389
3367,54998,394
3367,54998,407
3367,54998,408
3367,54998,410
3367,54998,414
5491,56034,334
2724,54616,91
2724,54616,108
3362,54939,114
3362,54939,115
3362,54939,117
3362,54939,127
3362,54939,129
3362,54939,132
3362,54939,134
3362,54939,142
3362,54939,145
3362,54939,146
3362,54939,147
3362,54939,148
3362,54939,154
3362,54939,157
3362,54939,159
3362,54939,166
4731,55656,199
2624,54380,418
2624,54380,420
2624,54380,434
2624,54380,444
2624,54380,452
2624,54380,454
2624,54380,455
1430,53002,322
9555,57814,264
11085,58462,286
4569,55631,378
1509,52942,266
1509,52942,269
1509,52942,279
1509,52942,307
1509,52942,318
1509,52942,332
1509,52942,335
1509,52942,337
1509,52942,355
1509,52942,360
1509,52942,366
5490,56003,646
5490,56003,664
4570,55623,140
740,52263,400
740,52263,416
4401,55510,962
2946,54506,416
2946,54506,419
2946,54506,420
2946,54506,421
2946,54506,437
2946,54506,443
2946,54506,452
2946,54506,453
2418,53794,71
2418,53794,384
2418,53794,396
3110,54747,521
3110,54747,522
3110,54747,524
3110,54747,525
3110,54747,532
3110,54747,534
3110,54747,538
3110,54747,546
3110,54747,551
3110,54747,552
3110,54747,553
3110,54747,558
3110,54747,560
1107,52968,103
1107,52968,117
2119,53792,474
3387,54951,155
3387,54951,167
3387,54951,172
3387,54951,174
3387,54951,187
3387,54951,188
3387,54951,189
3387,54951,193
1193,52652,41
1193,52652,42
1193,52652,65
1193,52652,84
7404,56776,874
894,52615,561
1161,52703,135
829,52296,199
829,52296,214
5436,56015,636
7851,56932,542
890,52583,3
890,52583,46
3384,54948,327
3384,54948,331
3384,54948,347
3384,54948,349
3384,54948,350
3384,54948,351
3384,54948,352
3384,54948,354
3384,54948,366
3384,54948,367
3384,54948,368
4878,55710,76
4878,55710,110
4878,55710,124
3121,54749,418
3121,54749,423
3121,54749,424
3121,54749,425
3121,54749,429
3121,54749,431
3121,54749,432
3121,54749,434
3121,54749,445
3121,54762,448
3121,54749,449
3121,54749,451
3121,54749,452
3121,54749,455
3121,54749,457
3121,54749,459
3121,54749,465
3121,54749,467
3121,54749,468
3121,54749,473
7452,56745,105
7452,56745,108
7452,56745,112
7452,56745,115
7452,56745,116
7452,56745,122
4227,55481,552
7316,56710,182
7316,56710,205
7316,56710,250
7316,56710,264
6626,56330,545
2168,53886,365
2168,53886,463
5355,56009,256
3327,54951,89
3327,54951,91
3327,54951,93
3327,54951,109
3327,54951,110
3327,54951,111
3327,54951,112
3327,54951,113
3327,54951,114
3327,54951,128
3327,54951,151
3327,54951,152
3327,54951,169
3327,54951,182
6964,56748,227
7452,56745,578
7452,56745,582
7452,56745,583
7452,56745,585
7452,56745,587
7452,56745,588
7452,56745,589
7452,56745,590
7452,56745,591
7452,56745,592
7452,56745,595
7452,56745,599
7452,56745,600
7452,56745,604
7452,56745,608
7452,56745,612
7452,56745,617
7452,56745,619
7452,56745,621
7452,56745,623
7452,56745,624
7452,56745,626
7452,56745,627
7452,56745,629
7452,56745,630
7452,56745,631
7452,56745,632
7452,56745,634
7452,56745,636
7452,56745,637
7452,56745,638
7452,56745,640
7452,56745,641
7452,56745,643
7452,56745,645
7452,56745,647
7452,56745,656
7452,56745,659
7452,56745,661
8283,57064,391
8283,57064,414
1199,52703,383
7315,56685,275
7315,56685,277
4839,55703,743
4730,55630,854
4094,55481,968
1050,52721,452
1050,52721,547
1050,52721,553
5377,55957,371
6294,56482,504
6294,56482,540
1191,52674,319
3109,54833,131
3109,54833,132
3109,54833,133
3109,54833,134
3109,54833,141
3109,54833,143
3109,54833,146
3109,54833,148
3109,54833,166
3109,54833,171
3109,54833,175
3109,54833,186
8866,57457,270
11636,58462,780
11636,58462,818
11636,58462,822
12545,58930,1
12545,58930,2
4265,55505,939
5802,56309,254
5187,56074,766
1372,53062,500
1372,53062,514
1107,52968,496
1107,52968,513
1107,52968,521
1107,52968,528
1107,52968,535
1107,52968,560
1107,52968,570
1107,52968,572
1107,52968,576
1107,52968,585
1107,52968,590
1107,52968,598
1107,52968,615
1197,52668,548
12527,58930,568
10233,58130,598
7034,56564,914
3171,54862,58
3171,54862,61
3171,54862,66
3171,54862,67
3171,54862,70
3171,54862,72
3171,54862,73
3171,54862,77
3171,54862,79
3171,54862,86
3171,54862,93
3171,54862,94
3171,54862,106
3171,54862,108
3171,54862,109
3171,54862,115
3171,54862,130
3171,54862,147
7644,57327,394
2123,53793,321
5179,55957,900
3367,54998,269
3367,54998,272
3367,54998,294
3367,54998,307
3367,54998,308
3367,54998,311
12525,58932,54
1495,52944,6
1495,52944,42
1495,52944,53
9170,58048,59
5486,56030,36
2423,54149,391
2423,54149,422
1508,52944,110
1508,52944,120
1508,52944,132
1508,52944,136
1508,52944,147
1508,52944,153
3121,54749,533
3121,54749,534
3121,54749,535
3121,54749,537
3121,54749,540
3121,54749,542
3121,54749,543
3121,54749,544
3121,54749,545
3121,54749,551
3121,54749,557
6723,56428,108
5493,56009,580
469,51913,623
2696,54167,320
2696,54167,322
2696,54167,346
2696,54167,347
2696,54167,364
2696,54167,369
2696,54167,370
2696,54167,374
2696,54167,387
2696,54167,389
2696,54167,394
2696,54167,399
2696,54167,400
2696,54167,408
2696,54167,422
2430,53815,600
2430,53815,616
585,52027,15
8730,57672,340
1814,54555,222
4007,55327,598
3390,54945,162
3390,54945,169
3390,54945,170
3390,54945,174
3390,54945,175
3390,54945,176
3390,54945,182
3390,54945,183
3390,54945,187
3390,54945,193
3390,54945,206
3390,54945,207
3390,54945,210
3390,54945,213
3390,54945,214
3390,54945,215
2417,53766,308
2417,53766,321
2417,53766,322
2417,53766,336
2417,53766,346
2417,53766,350
2417,53766,351
574,52355,83
1497,52886,455
1497,52886,456
1497,52886,466
1497,52886,478
1497,52886,479
1497,52886,488
1497,52886,490
11042,58462,917
4567,55589,110
3368,54954,627
3368,54954,629
3368,54954,630
3368,54954,634
3373,54940,6
3373,54940,9
3373,54940,11
3373,54940,26
3373,54940,28
3373,54940,31
3373,54940,34
3373,54940,39
5179,55957,380
881,52368,407
3105,54825,407
3105,54825,418
3105,54825,421
3105,54825,422
3105,54825,423
3105,54825,428
3105,54825,434
3105,54825,440
3105,54825,453
1811,53533,579
1811,53533,584
7333,56686,981
7333,56686,982
7333,56686,983
7333,56686,984
7333,56686,985
7333,56686,986
7333,56686,989
7333,56686,992
7333,56686,994
7333,56686,996
7333,56686,998
5794,56282,202
2085,53379,412
2085,53379,472
2085,53379,474
4508,55600,446
2397,53763,103
2397,53763,105
2397,53763,107
2397,53763,108
4626,55647,658
1814,54555,50
6413,56336,159
2627,54379,258
2627,54379,273
2627,54379,275
2627,54379,306
2627,54379,315
2627,54379,336
2697,54389,231
2697,54389,233
4878,55710,26
11047,58424,470
3116,54792,605
3116,54792,607
3121,54749,1
3121,54749,2
3121,54749,4
3121,54749,5
3121,54749,6
2727,54414,394
2727,54414,407
2727,54414,420
4876,55679,151
3112,54802,423
3112,54802,424
3112,54802,432
3112,54802,455
3112,54802,476
4260,55478,425
1191,52674,634
1192,52649,12
2420,54086,629
2420,54086,634
6413,56336,774
621,52055,438
621,52055,447
2429,53799,378
6415,56310,363
7331,56658,992
7331,56658,993
7331,56658,995
7331,56658,999
7331,56658,1000
7332,56683,2
7332,56683,9
7332,56683,10
7332,56683,15
7332,56683,18
7332,56683,20
7332,56683,23
7332,56683,25
7332,56683,33
7332,56683,40
7332,56683,41
7332,56683,46
7332,56683,50
7332,56683,55
7332,56683,56
7332,56683,57
7332,56683,72
7332,56683,74
1509,52942,133
3380,54977,202
3380,54977,210
3380,54977,211
3380,54977,212
3380,54977,217
3380,54977,219
12544,58928,245
1735,53035,452
8505,57834,149
4842,55867,162
7583,56958,650
11085,58462,538
1198,52669,439
1198,52669,459
1198,52669,530
1198,52669,552
1198,52669,562
891,52584,537
891,52584,575
3123,54741,499
3123,54741,500
3123,54741,501
3123,54741,507
3123,54741,513
3123,54741,517
3123,54741,519
3123,54741,524
3123,54741,530
3123,54741,531
3123,54741,534
3123,54741,535
3123,54741,536
3123,54741,537
3123,54741,539
3123,54741,548
3123,54741,549
3123,54741,559
3123,54741,560
3123,54741,561
3123,54741,563
3123,54741,564
3123,54741,565
2418,53794,628
2418,53794,631
6715,56449,232
4509,55574,162
4509,55574,221
5472,55976,408
5472,55976,450
5472,55976,475
5472,55976,486
5472,55976,497
1812,53795,16
3387,54951,266
3387,54951,271
3387,54951,302
3387,54951,307
3387,54951,312
3387,54951,313
3387,54951,314
3387,54951,315
3387,54951,324
3387,54951,327
3387,54951,328
3387,54951,333
3387,54951,334
3387,54951,356
3387,54951,361
3387,54951,366
3387,54951,369
3387,54951,370
3387,54951,375
2594,54177,134
2915,54497,190
2915,54497,196
2915,54497,198
2915,54497,203
2915,54497,207
2915,54497,217
2915,54497,218
2915,54497,229
2915,54497,240
2915,54497,241
2915,54497,245
2915,54497,249
2915,54497,252
2915,54497,253
2915,54497,254
2915,54497,261
2915,54497,275
2915,54497,281
2915,54497,286
7452,56745,688
4875,55677,418
1510,52992,171
1510,52992,177
1510,52992,185
1510,52992,186
1510,52992,195
1510,52992,198
1510,52992,200
1510,52992,224
1510,52992,227
1510,52992,237
1510,52992,242
1510,52992,255
1510,52992,277
7333,56686,85
7333,56686,86
7333,56686,87
7333,56686,93
7333,56686,94
7333,56686,96
7333,56686,99
7333,56686,101
7333,56686,102
7333,56686,104
7333,56686,105
7333,56686,107
7333,56686,115
7333,56686,119
7333,56686,121
7333,56686,122
7333,56686,124
7333,56686,125
7333,56686,126
7333,56686,128
7333,56686,130
7333,56686,132
3380,54977,393
3380,54977,394
3380,54977,408
3380,54977,409
3380,54977,410
3380,54977,423
3380,54977,424
3380,54977,427
3380,54977,429
3380,54977,437
3380,54977,448
2418,53794,568
10727,58197,49
3121,54749,97
3121,54749,101
3121,54749,102
3121,54749,104
3121,54749,106
3121,54749,112
3121,54749,114
3121,54749,117
3121,54749,118
3121,54749,122
5799,56325,538
582,52045,529
582,52045,581
8283,57064,785
3821,55535,11
740,52263,617
741,52261,10
2946,54506,526
2946,54506,534
2946,54506,535
2946,54506,536
2946,54506,561
2946,54506,562
3386,54952,233
3386,54952,235
3386,54952,248
3386,54952,250
3386,54952,254
3386,54952,264
3386,54952,266
3386,54952,268
3386,54952,269
3386,54952,272
3386,54952,274
3386,54952,275
3386,54952,278
3386,54952,286
3386,54952,288
3386,54952,289
3386,54952,290
3386,54952,291
3386,54952,293
3386,54952,294
3386,54952,305
3386,54952,306
3386,54952,307
3386,54952,310
3386,54952,314
3386,54952,323
3386,54952,325
3386,54952,326
3386,54952,329
2747,54233,29
2747,54233,32
882,52370,255
882,52370,261
1803,54152,195
3367,54998,207
3367,54998,208
3367,54998,211
3367,54998,215
3367,54998,234
3367,54998,235
3367,54998,255
2727,54414,227
2727,54414,236
5182,56341,24
8057,57190,366
6117,56272,222
2748,54234,30
4508,55600,652
4508,55600,662
4508,55600,719
4841,55895,290
1430,53002,221
11634,58484,284
7674,57359,150
1373,53063,96
1373,53063,123
3386,54952,570
3386,54952,574
3386,54952,577
3386,54952,593
3386,54952,595
3386,54952,607
3386,54952,608
3386,54952,609
3386,54952,610
3386,54952,619
3386,54952,621
3386,54952,624
11651,58511,473
1190,52670,332
6408,56329,456
6721,56398,450
3121,54749,484
3105,54825,61
3105,54825,65
3105,54825,68
3105,54825,70
3105,54825,78
3105,54825,81
3105,54825,91
3105,54825,99
3105,54825,107
3105,54825,112
3105,54825,114
5486,56030,960
5486,56030,965
5486,56030,981
8055,57187,1
4839,55703,910
2084,53360,542
2084,53360,544
2084,53360,568
2624,54380,246
2624,54380,252
2624,54380,253
2624,54380,275
2624,54380,277
2624,54380,280
7332,56683,920
7332,56683,926
7332,56683,929
7332,56683,930
7332,56683,934
7332,56683,939
7332,56683,949
7332,56683,951
7332,56683,955
7332,56683,957
7332,56683,960
7332,56683,962
8504,57518,782
5187,56074,668
6119,56181,109
1708,53503,443
3326,54943,392
3326,54943,406
3326,54943,409
3326,54943,410
3326,54943,411
3326,54943,413
3326,54943,414
3326,54943,426
3326,54943,427
3326,54943,430
3326,54943,432
3326,54943,435
3326,54943,451
3326,54943,452
3326,54943,453
3326,54943,469
3326,54943,486
3326,54943,488
1051,52468,217
1160,52674,543
5161,55968,920
6115,56237,436
883,52430,217
5798,56326,846
4879,55706,6
8526,57898,200
1373,53063,151
1373,53063,179
1473,52908,605
1474,52933,2
1474,52933,20
3122,54821,386
