plate,mjd,fiberid
5472,55976,35
1507,53763,402
1507,53763,409
1507,53763,413
1507,53763,417
1507,53763,429
1507,53763,436
1507,53763,444
1507,53763,500
1507,53763,502
10233,58130,168
10233,58130,205
10233,58130,222
2798,54397,40
2798,54397,41
2798,54397,45
2798,54397,53
2798,54397,54
2798,54397,72
2798,54397,79
2798,54397,83
2798,54397,88
2798,54397,90
2798,54397,99
2798,54397,103
2798,54397,107
2798,54397,109
2798,54397,115
2798,54397,116
2798,54397,117
2798,54397,120
2798,54397,126
2798,54397,139
2798,54397,143
3122,54821,139
3122,54821,143
3122,54821,147
3122,54821,149
3122,54821,156
3122,54821,161
3122,54821,166
3122,54821,170
3122,54821,172
3122,54821,174
3122,54821,181
3122,54821,183
3122,54821,187
3122,54821,189
7643,57302,619
7643,57302,633
6722,56431,66
11653,58526,60
1495,52944,127
1495,52944,130
1495,52944,131
1495,52944,157
1495,52944,166
1495,52944,173
1495,52944,176
1495,52944,184
1495,52944,192
1495,52944,194
1495,52944,204
1495,52944,206
1495,52944,212
1495,52944,215
1495,52944,228
4565,55591,264
3951,55681,254
1050,52721,638
739,52520,487
6963,56724,449
6963,56724,536
2394,54551,586
2394,54551,611
2394,54551,617
2394,54551,621
2394,54551,630
6626,56330,304
1107,52968,2
1107,52968,12
1107,52968,16
1107,52968,22
1107,52968,23
1107,52968,40
1107,52968,45
1107,52968,76
1107,52968,79
1107,52968,82
1107,52968,86
1107,52968,95
1813,53903,372
582,52045,13
582,52045,64
2750,54242,44
3377,54950,193
3377,54950,207
3377,54950,209
3377,54950,210
3377,54950,211
3377,54950,227
3377,54950,231
2423,54149,338
2423,54149,346
2423,54149,347
1675,53466,486
1343,52790,252
1509,52942,141
4507,55564,100
7315,56685,179
7315,56685,188
3367,54998,454
3367,54998,455
3367,54998,466
3367,54998,469
3367,54998,471
3367,54998,472
3367,54998,473
5487,55982,158
5487,55982,178
5487,55982,182
3367,54998,550
3367,54998,568
3367,54998,571
3367,54998,584
3367,54998,586
3367,54998,589
3367,54998,590
3367,54998,591
3367,54998,592
3367,54998,593
3367,54998,613
11649,58514,884
11649,58514,888
7031,56449,492
1495,52944,428
1495,52944,440
1495,52944,447
1495,52944,453
1495,52944,476
7315,56685,727
7315,56685,789
3121,54749,125
3121,54749,127
3121,54749,134
3121,54749,135
3121,54749,141
3121,54749,143
3121,54749,144
3121,54749,147
3121,54749,148
3121,54749,151
1507,53763,20
1507,53763,36
1507,53763,44
1507,53763,46
1507,53763,57
1507,53763,64
1507,53763,67
1507,53763,79
8063,57576,334
895,52581,42
895,52581,137
3123,54741,453
3123,54741,454
3123,54741,458
3123,54741,459
7405,57134,54
2624,54380,636
2627,54379,2
2627,54379,19
2627,54379,26
2627,54379,52
2627,54379,53
2627,54379,75
2627,54379,79
2627,54379,86
2627,54379,94
2627,54379,101
7385,56710,881
7385,56710,905
8276,57067,476
6110,56279,731
1496,52883,304
3106,54738,201
3106,54738,204
3106,54738,207
3106,54738,211
3106,54738,214
5487,55982,18
1496,52883,351
1496,52883,360
1496,52883,371
1803,54152,396
1803,54152,439
3374,54948,246
3374,54948,250
3374,54948,255
3374,54948,268
3374,54948,269
3374,54948,272
3374,54948,274
3374,54948,287
3374,54948,289
3374,54948,412
3374,54948,426
3374,54948,427
3374,54948,430
3374,54948,432
3374,54948,435
3374,54948,447
3374,54948,469
3374,54948,473
3374,54948,474
3374,54948,487
3374,54948,488
3374,54948,489
3374,54948,491
3374,54948,492
3374,54948,494
3374,54948,495
3374,54948,512
3110,54747,512
4262,55482,436
3380,54977,229
3380,54977,230
3380,54977,231
3380,54977,251
3380,54977,254
3380,54977,267
3380,54977,275
3380,54977,276
6412,56358,304
5798,56326,612
2426,53795,356
3106,54738,134
3106,54738,139
3106,54738,144
3106,54738,151
2085,53379,556
2085,53379,576
7582,56960,776
7582,56960,850
7582,56960,880
2397,53763,212
2397,53763,213
2727,54414,448
2727,54414,481
2727,54414,504
2727,54414,512
2727,54414,523
2727,54414,528
7316,56710,308
7452,56745,444
7452,56745,445
5486,56030,440
2417,53766,354
2417,53766,372
2417,53766,386
2417,53766,387
2417,53766,388
2417,53766,395
3105,54825,514
3105,54825,525
3105,54825,528
3105,54825,531
3105,54825,533
3105,54825,535
3105,54825,537
3105,54825,540
3105,54825,543
3105,54825,560
3105,54825,563
5793,56337,722
574,52355,94
2724,54616,114
2724,54616,128
2724,54616,166
5486,56030,253
5486,56030,274
3106,54738,310
3106,54738,311
3106,54738,312
3106,54738,319
3106,54738,320
3106,54738,322
3106,54738,324
3106,54738,325
3106,54738,327
3106,54738,332
3368,54954,27
3368,54954,28
3368,54954,49
3368,54954,52
3368,54954,55
1495,52944,499
1495,52944,512
1495,52944,544
4508,55600,138
4508,55600,210
4508,55600,222
4508,55600,226
4508,55600,244
4380,55857,754
4380,55857,762
7643,57302,826
7643,57302,854
7316,56710,592
7316,56710,596
7316,56710,615
4471,55617,572
4471,55617,585
7452,56745,353
7452,56745,354
7452,56745,360
7452,56745,361
7452,56745,363
7452,56745,365
7452,56745,366
7452,56745,367
7452,56745,368
7452,56745,369
7452,56745,370
7452,56745,371
7452,56745,373
7452,56745,374
1507,53763,292
1507,53763,341
1507,53763,348
1507,53763,350
1507,53763,365
1507,53763,372
1507,53763,379
5470,56008,506
5470,56008,572
4507,55564,214
4839,55703,606
1473,52908,6
1473,52908,9
1473,52908,21
1473,52908,28
1473,52908,49
1473,52908,102
1473,52908,105
1497,52886,23
1497,52886,24
1497,52886,26
1497,52886,51
2728,54416,73
2728,54416,84
2728,54416,112
2728,54416,118
2728,54416,119
3106,54738,363
3106,54738,368
3106,54738,374
3106,54738,379
3106,54738,381
3106,54738,383
5487,55982,216
1194,52703,381
1194,52703,392
7028,56449,883
7028,56449,897
884,52374,435
892,52378,270
892,52378,271
8736,57400,895
1507,53763,568
1507,53763,572
1507,53763,580
1507,53763,593
1507,53763,594
1507,53763,611
1507,53763,614
6413,56336,456
2751,54243,257
2751,54243,268
5794,56282,750
3106,54738,279
3106,54738,293
3106,54738,297
3106,54738,298
3106,54738,301
3106,54714,303
3106,54738,303
304,51609,179
304,51609,181
3114,54773,579
3114,54773,580
3114,54773,581
3114,54773,583
3114,54773,585
3114,54773,591
3114,54773,595
3114,54773,604
3114,54773,612
3114,54773,620
3114,54773,628
3114,54773,629
10227,58224,547
12525,58932,640
2724,54616,580
2724,54616,583
2724,54616,588
2724,54616,606
2724,54616,613
2724,54616,616
5486,56030,648
5486,56030,670
11321,58425,612
3368,54954,573
3368,54954,575
3368,54954,589
3368,54954,591
3368,54954,592
3368,54954,593
3368,54954,611
3368,54954,614
574,52355,516
8056,57186,76
7328,56715,326
5471,56034,172
6722,56431,294
3388,54947,355
3388,54947,359
3388,54947,360
3388,54947,373
3388,54947,374
3388,54947,386
3388,54947,387
3388,54947,392
3388,54947,404
3388,54947,406
3388,54947,413
3388,54947,415
2946,54506,78
2946,54506,80
2946,54506,86
2946,54506,100
2946,54506,106
2946,54506,127
2946,54506,128
2946,54506,133
2946,54506,137
2946,54506,138
2946,54506,142
2946,54506,146
2946,54506,150
2946,54506,151
2946,54506,157
2946,54506,161
2946,54506,169
2946,54506,173
2946,54506,175
2946,54506,180
2946,54506,182
2946,54506,186
7385,56710,798
2049,53350,283
2049,53350,291
2049,53350,295
2049,53350,297
2049,53350,306
2049,53350,308
2049,53350,313
2049,53350,314
2049,53350,331
2049,53350,332
2049,53350,333
2049,53350,340
2049,53350,341
2049,53350,344
2049,53350,346
4258,55481,338
11040,58456,410
7328,56715,490
7328,56715,494
7328,56715,504
7328,56715,512
6714,56447,354
11633,58463,556
2724,54616,518
2724,54616,521
2724,54616,538
2724,54616,551
2724,54616,555
2724,54616,557
2724,54616,345
2724,54616,346
2724,54616,355
2724,54616,357
2724,54616,372
2724,54616,383
2724,54616,407
2724,54616,414
2724,54616,415
2724,54616,427
2724,54616,443
2724,54616,448
271,51883,189
1501,53740,625
1501,53740,636
1502,53741,17
1502,53741,23
1502,53741,26
1502,53741,33
3387,54951,388
3387,54951,389
3387,54951,391
3387,54951,392
3387,54951,402
3387,54951,406
3387,54951,408
3387,54951,410
3387,54951,413
3387,54951,414
3387,54951,415
3387,54951,426
3387,54951,428
3387,54951,432
4879,55706,130
6721,56398,495
7328,56715,906
5471,56034,870
5471,56034,880
5471,56034,888
5471,56034,926
5471,56034,966
5471,56034,967
1244,52674,113
7333,56686,535
7333,56686,538
7333,56686,539
7333,56686,540
7333,56686,544
7333,56686,545
7333,56686,546
7333,56686,547
7333,56686,548
7333,56686,550
7333,56686,551
7333,56686,552
7333,56686,553
7333,56686,554
7333,56686,557
2417,53766,65
2417,53766,68
2417,53766,72
2417,53766,75
2417,53766,76
2417,53766,80
2417,53766,84
2417,53766,98
2417,53766,100
2417,53766,105
2417,53766,114
10227,58224,956
7636,56989,10
4873,55926,550
6111,56270,652
3368,54954,234
3368,54954,235
3368,54954,270
3368,54954,272
10721,58288,626
12544,58928,932
3115,54793,449
3115,54793,450
3115,54793,459
3115,54793,461
3115,54793,466
3115,54793,467
3115,54793,478
3115,54793,479
3115,54793,481
3115,54793,500
3115,54793,502
6294,56482,716
3326,54943,268
3326,54943,275
3326,54943,288
3326,54943,289
3326,54943,291
3326,54943,295
3326,54943,306
3326,54943,311
3326,54943,312
7582,56960,666
6046,56096,302
6046,56096,350
3388,54947,587
3388,54947,591
3388,54947,592
3388,54947,594
3388,54947,600
3388,54947,606
3388,54947,608
3388,54947,610
3388,54947,619
3388,54947,625
3388,54947,627
3388,54947,628
3388,54947,629
3388,54947,634
3388,54947,635
3390,54945,4
3390,54945,5
3390,54945,7
3390,54945,8
3390,54945,12
3390,54945,13
3390,54945,17
3390,54945,27
3390,54945,28
3390,54945,30
3390,54945,32
3390,54945,33
3390,54945,35
272,51941,171
8061,58253,417
11651,58511,966
5793,56337,26
12525,58932,170
3367,54998,314
3367,54998,332
3367,54998,346
3367,54998,349
3367,54998,363
3367,54998,365
3367,54998,367
3326,54943,153
3326,54943,154
3326,54943,155
3326,54943,164
3326,54943,166
3326,54943,167
3326,54943,169
3326,54943,171
3326,54943,173
3326,54943,175
3326,54943,186
3326,54943,187
3326,54943,189
3326,54943,208
3326,54943,212
3326,54943,213
3326,54943,214
3326,54943,227
3326,54943,228
3326,54943,230
3326,54943,235
3326,54943,236
3326,54943,240
3326,54943,248
3326,54943,249
3326,54943,252
3326,54943,255
4401,55510,312
5487,55982,888
5487,55982,894
3105,54825,342
3105,54825,343
3105,54825,345
3105,54825,353
3105,54825,358
3105,54825,363
3105,54825,366
3105,54825,375
3105,54825,378
3105,54825,382
3105,54825,384
3105,54825,389
3105,54825,396
3105,54825,397
4626,55647,560
4879,55706,884
4879,55706,890
1501,53740,198
1501,53740,201
1501,53740,208
1501,53740,240
6271,56304,878
6271,56304,930
6271,56304,969
2696,54167,547
2696,54167,572
2696,54167,573
2696,54167,584
2696,54167,589
2696,54167,599
2696,54167,600
2696,54167,608
8863,57724,450
882,52370,104
4565,55591,770
4565,55591,794
3106,54738,249
3106,54738,256
3106,54738,261
3106,54738,267
3106,54738,270
3106,54738,272
3106,54738,273
3106,54738,274
3106,54738,275
7329,56719,678
1805,53875,26
3386,54952,186
3386,54952,189
3386,54952,190
3386,54952,194
3386,54952,195
3386,54952,206
3386,54952,210
3386,54952,211
3386,54952,214
3386,54952,229
1990,53472,333
1990,53472,349
4401,55510,492
4471,55617,200
1107,52968,132
1107,52968,146
1107,52968,150
1107,52968,154
1107,52968,162
1107,52968,163
1107,52968,183
1107,52968,194
1107,52968,213
1107,52968,219
6657,56366,866
1107,52968,348
1107,52968,350
1107,52968,357
1107,52968,360
4471,55617,302
1765,53466,611
883,52430,174
2086,53401,239
2086,53401,315
2121,54180,19
2121,54180,54
2121,54180,71
2798,54397,156
2798,54397,157
2798,54397,159
2798,54397,168
2798,54397,171
2798,54397,172
2798,54397,179
2798,54397,180
2798,54397,181
2798,54397,182
2798,54397,197
2798,54397,200
2798,54397,205
2798,54397,207
2798,54397,209
2798,54397,216
2798,54397,217
2798,54397,221
2798,54397,226
2798,54397,245
2798,54397,251
2798,54397,260
3367,54998,93
3367,54998,95
3367,54998,106
3367,54998,107
3367,54998,108
3367,54998,110
3367,54998,112
3367,54998,114
3367,54998,126
3367,54998,130
3367,54998,131
3367,54998,135
11633,58463,830
1496,52883,126
1496,52883,133
1496,52883,141
1496,52883,144
1496,52883,148
5486,56030,878
1497,52886,274
1497,52886,290
1497,52886,293
1497,52886,299
1497,52886,303
3106,54738,567
3106,54738,571
3106,54738,581
3106,54738,583
9171,58068,734
2417,53766,417
2417,53766,421
2417,53766,422
2417,53766,423
2417,53766,433
2417,53766,450
2417,53766,451
2417,53766,460
2417,53766,465
4840,55690,328
4840,55690,378
891,52584,208
1192,52649,251
5491,56034,710
5491,56034,712
5491,56034,752
5491,56034,760
7642,57651,778
7034,56564,186
7035,56568,682
1509,52942,23
1509,52942,25
1509,52942,28
1509,52942,29
1509,52942,40
1509,52942,44
1509,52942,67
1509,52942,87
1509,52942,89
1200,52668,577
5406,55955,386
3115,54793,563
3115,54793,564
3115,54793,568
3115,54793,572
3115,54793,573
3115,54793,575
3115,54793,577
3115,54793,578
3115,54793,580
3115,54793,582
3115,54793,583
3115,54793,585
3115,54793,586
11653,58526,692
11653,58526,713
11653,58526,736
4565,55591,738
5486,56030,696
2727,54414,34
2727,54414,36
2727,54414,40
2727,54414,41
2727,54414,58
3121,54749,40
3121,54749,42
3121,54749,51
3121,54749,68
3121,54749,70
3121,54749,71
3121,54749,72
3121,54749,73
3121,54749,74
3121,54749,84
3121,54749,85
3121,54749,89
3121,54749,90
3121,54749,92
3121,54749,95
1198,52669,314
1198,52669,341
1198,52669,357
1198,52669,389
1813,53903,65
1195,52724,553
1195,52724,573
8868,57781,476
2624,54380,193
2624,54380,206
2624,54380,209
2624,54380,220
2624,54380,223
2624,54380,227
2624,54380,234
2085,53379,249
2085,53379,332
4471,55617,64
4471,55617,88
4471,55617,132
8279,57063,727
5488,56013,764
5488,56013,779
11337,58431,607
1501,53740,434
1501,53740,458
1501,53740,469
1501,53740,485
1501,53740,488
1194,52703,536
1194,52703,572
1501,53740,496
1501,53740,501
1501,53740,509
1501,53740,521
5047,55833,26
6272,56325,17
6272,56325,62
6272,56325,96
7452,56745,555
7452,56745,556
7452,56745,557
7452,56745,559
7452,56745,561
7452,56745,566
7452,56745,570
7452,56745,572
7328,56715,607
7328,56715,618
8276,57067,308
881,52368,582
3362,54939,574
3362,54939,575
3362,54939,587
3362,54939,590
3362,54939,592
3362,54939,606
3362,54939,608
3362,54939,612
3362,54939,613
3362,54939,614
3110,54747,168
3110,54747,169
3110,54747,170
3110,54747,172
3110,54747,178
3110,54747,181
3110,54747,182
3110,54747,184
3110,54747,185
3110,54747,191
3110,54747,193
3110,54747,196
3110,54747,201
3110,54747,212
3110,54747,213
3110,54747,219
4872,55944,638
4840,55690,828
4840,55690,854
2394,54551,634
2394,54551,635
2397,53763,1
2397,53763,7
2397,53763,16
2397,53763,30
2397,53763,32
2397,53763,37
2397,53763,47
2397,53763,48
2397,53763,61
2397,53763,62
2397,53763,71
2397,53763,73
2397,53763,74
2397,53763,81
2397,53763,85
2397,53763,90
6715,56449,174
6715,56449,188
582,52045,485
1814,54555,126
3387,54951,227
3387,54951,230
3387,54951,231
3387,54951,237
3387,54951,240
2168,53886,477
5286,56225,14
3390,54945,112
3390,54945,121
3390,54945,126
3390,54945,129
3390,54945,132
3390,54945,147
3390,54945,153
3390,54945,154
3122,54821,536
3122,54821,537
3122,54821,543
3122,54821,544
10728,58248,532
4266,55486,24
584,52049,453
2727,54414,63
2727,54414,66
2727,54414,68
2727,54414,78
2727,54414,81
2727,54414,82
2727,54414,86
891,52584,401
891,52584,402
891,52584,482
1708,53503,193
