plate,mjd,fiberid
3123,54741,624
3123,54741,625
3123,54741,629
3123,54741,632
3123,54741,635
3123,54741,639
7644,57327,536
7644,57327,546
7644,57327,576
7644,57327,586
3362,54939,174
3362,54939,175
3362,54939,182
3362,54939,188
3362,54939,192
3362,54939,197
3362,54939,204
3362,54939,207
3362,54939,209
3362,54939,213
3362,54939,215
3362,54939,217
3362,54939,220
2724,54616,225
2724,54616,235
2724,54616,242
2724,54616,250
2724,54616,254
2724,54616,262
2724,54616,269
5179,55957,296
3362,54939,294
3362,54939,296
3362,54939,308
3362,54939,309
3362,54939,313
3362,54939,314
3362,54939,327
3362,54939,335
3362,54939,339
3362,54939,342
3362,54939,348
3362,54939,350
3362,54939,375
3362,54939,376
3362,54939,380
3362,54939,382
3362,54939,385
3362,54939,386
3362,54939,391
2724,54616,295
2724,54616,322
2724,54616,335
7333,56686,480
7333,56686,484
7333,56686,486
7333,56686,487
7333,56686,488
7333,56686,489
7333,56686,490
7333,56686,491
7333,56686,496
7333,56686,500
7333,56686,503
7333,56686,508
7333,56686,511
7333,56686,512
7333,56686,515
7333,56686,516
7333,56686,519
7333,56686,522
7333,56686,525
1495,52944,62
1495,52944,80
1495,52944,84
1495,52944,87
1495,52944,115
8729,57399,96
5486,56030,126
2724,54616,177
2724,54616,181
2724,54616,189
2724,54616,190
2724,54616,196
8054,57194,883
3106,54738,166
3106,54738,169
3106,54738,173
3106,54738,174
2727,54414,273
2727,54414,295
2727,54414,298
2727,54414,328
2727,54414,340
2727,54414,345
2727,54414,349
2727,54414,364
2727,54414,366
7330,56684,285
7330,56684,287
7330,56684,288
7330,56684,292
7330,56684,293
7330,56684,296
7330,56684,297
7330,56684,300
7330,56684,302
7330,56684,304
7330,56684,305
7330,56684,307
7330,56684,309
7330,56684,313
7330,56684,316
7330,56684,317
7330,56684,318
7330,56684,324
7330,56684,325
7330,56684,328
7330,56684,333
7330,56684,334
7330,56684,338
7330,56684,339
1191,52674,601
7330,56684,454
7330,56684,458
7330,56684,459
7330,56684,461
7330,56684,462
7330,56684,464
7330,56684,468
7330,56684,472
7330,56684,473
7330,56684,479
7330,56684,480
7330,56684,483
7330,56684,485
7330,56684,488
7330,56684,493
7330,56684,497
7330,56684,502
3326,54943,326
3326,54943,327
3390,54945,274
3390,54945,277
3390,54945,280
3390,54945,288
3390,54945,295
3390,54945,299
3390,54945,310
3390,54945,311
3390,54945,315
3390,54945,327
3390,54945,330
3390,54945,331
3390,54945,332
3390,54945,333
3390,54945,346
3390,54945,349
3390,54945,355
3390,54945,364
3390,54945,366
3390,54945,372
3390,54945,373
3390,54945,374
3390,54945,376
3105,54825,2
3105,54825,3
3105,54825,7
3105,54825,13
3105,54825,33
3105,54825,37
3105,54825,39
3106,54738,220
3106,54738,222
3106,54738,225
3106,54738,229
3106,54738,238
3106,54738,240
1803,54152,488
3367,54998,487
3367,54998,488
3367,54998,489
3367,54998,492
3367,54998,503
3367,54998,511
3367,54998,512
3367,54998,529
3367,54998,530
8277,57073,166
2728,54416,11
2728,54416,13
2728,54416,29
2728,54416,32
2728,54416,55
2728,54416,56
2728,54416,64
3105,54825,121
3105,54825,123
3105,54825,127
3105,54825,129
3105,54825,133
3105,54825,146
3105,54825,158
3105,54825,160
3362,54939,393
3362,54939,395
3362,54939,396
3362,54939,398
3362,54939,401
3362,54939,406
3362,54939,407
3362,54939,408
3362,54939,410
3362,54939,411
3362,54939,412
3362,54939,413
7333,56686,526
4508,55600,280
4508,55600,292
4508,55600,296
4508,55600,317
4508,55600,318
4508,55600,334
4508,55600,340
7315,56685,798
7315,56685,838
7315,56685,880
2351,53786,565
2351,53786,566
2351,53786,569
7452,56745,16
7452,56745,19
7452,56745,21
7452,56745,23
7452,56745,24
7452,56745,26
7452,56745,27
7452,56745,28
7452,56745,32
7452,56745,33
7452,56745,34
7452,56745,36
7452,56745,37
7452,56745,39
7452,56745,40
7452,56745,41
7452,56745,43
7452,56745,44
7452,56745,45
7452,56745,47
7452,56745,49
7452,56745,51
7452,56745,53
7452,56745,54
7452,56745,55
7452,56745,56
7452,56745,57
7452,56745,58
7452,56745,59
7452,56745,61
7452,56745,63
7452,56745,64
7452,56745,69
7452,56745,75
7452,56745,76
7452,56745,77
7452,56745,78
7452,56745,79
7452,56745,87
7452,56745,89
7452,56745,90
7452,56745,91
7452,56745,92
7452,56745,93
7452,56745,94
7452,56745,96
7452,56745,97
7452,56745,98
7452,56745,99
7452,56745,100
7452,56745,101
7452,56745,102
7452,56745,103
7452,56745,104
1802,53885,105
7635,56979,200
7635,56979,207
739,52520,452
2624,54380,76
2624,54380,77
2624,54380,78
2624,54380,80
2624,54380,88
2624,54380,96
2624,54380,117
2624,54380,120
2624,54380,127
2624,54380,133
2624,54380,136
2624,54380,145
2624,54380,151
2624,54380,153
2624,54380,157
2624,54380,160
2624,54380,162
2624,54380,163
2624,54380,165
2624,54380,173
2624,54380,176
2624,54380,178
1371,52821,638
3326,54943,47
3326,54943,52
3326,54943,69
3326,54943,70
3326,54943,75
3326,54943,86
3326,54943,87
3326,54943,90
3326,54943,106
3326,54943,107
3326,54943,112
3326,54943,114
3326,54943,129
3326,54943,135
3326,54943,146
3326,54943,147
3326,54943,149
3326,54943,150
3326,54943,151
5794,56282,992
11634,58484,612
2728,54416,239
2728,54416,241
2728,54416,245
2728,54416,255
2728,54416,264
2728,54416,275
2728,54416,279
2728,54416,294
2419,54139,297
4565,55591,416
4565,55591,420
2417,53766,238
2417,53766,241
2417,53766,244
2417,53766,248
2417,53766,250
2417,53766,251
2417,53766,255
2417,53766,268
8863,57724,668
7635,56979,794
10000,58462,155
5471,56034,504
5471,56034,540
4840,55690,968
2417,53766,178
2417,53766,196
2417,53766,218
2417,53766,219
2417,53766,235
2417,53766,236
1495,52944,242
1495,52944,256
11633,58463,413
11633,58463,423
2724,54616,1
2724,54616,21
2724,54616,25
2724,54616,31
2724,54616,34
3362,54939,5
3362,54939,7
3362,54939,18
3362,54939,19
3362,54939,24
3362,54939,26
3362,54939,28
3362,54939,30
3362,54939,34
3362,54939,35
3362,54939,48
3362,54939,50
3362,54939,51
3362,54939,54
7333,56686,812
7333,56686,815
7333,56686,819
7333,56686,820
7333,56686,822
7333,56686,823
7333,56686,824
7333,56686,826
7333,56686,827
7333,56686,828
7333,56686,831
7333,56686,835
7333,56686,836
7333,56686,837
7333,56686,840
7333,56686,841
7333,56686,845
7333,56686,847
7333,56686,848
7333,56686,852
7333,56686,857
7333,56686,858
7333,56686,859
7333,56686,862
7333,56686,864
7333,56686,866
887,52376,433
887,52376,471
7331,56658,126
7331,56658,129
7331,56658,130
7331,56658,134
7331,56658,135
7331,56658,137
7331,56658,139
7331,56658,141
7331,56658,142
7331,56658,143
7331,56658,145
7331,56658,146
7331,56658,151
7331,56658,155
7328,56715,156
8863,57724,186
1188,52650,170
5470,56008,360
5470,56008,374
5470,56008,378
5470,56008,397
7330,56684,60
7330,56684,62
7330,56684,65
7330,56684,69
7330,56684,71
7330,56684,72
7330,56684,74
7330,56684,77
7330,56684,82
7330,56684,84
7330,56684,88
7330,56684,92
7330,56684,94
7330,56684,95
7330,56684,101
7330,56684,106
7330,56684,110
7330,56684,112
1498,52914,230
1498,52914,257
1498,52914,263
1498,52914,270
1498,52914,285
4260,55478,220
2422,54096,374
1812,53795,158
739,52520,580
2397,53763,118
2397,53763,120
2397,53763,126
2397,53763,141
2397,53763,143
2397,53763,145
2397,53763,146
2397,53763,150
2397,53763,151
2397,53763,156
2397,53763,157
2397,53763,160
2397,53763,170
2397,53763,174
2397,53763,175
2397,53763,182
2397,53763,185
2397,53763,186
2397,53763,188
2397,53763,196
2397,53763,202
2397,53763,205
2397,53763,206
5471,56034,622
5471,56034,661
5471,56034,678
5471,56034,734
2695,54409,618
2695,54409,620
2695,54409,621
2695,54409,640
2696,54167,19
2696,54167,27
2696,54167,38
2696,54167,45
2696,54167,47
2696,54167,56
2696,54167,59
3362,54939,513
3362,54939,514
3362,54939,515
3362,54939,518
3362,54939,523
3362,54939,544
3362,54939,545
3362,54939,547
3362,54939,554
3362,54939,555
3362,54939,556
3362,54939,559
5179,55957,514
3374,54948,74
3374,54948,86
3374,54948,92
3374,54948,94
3374,54948,108
3374,54948,115
3374,54948,126
7330,56684,956
7330,56684,959
7330,56684,960
7330,56684,964
7330,56684,965
7330,56684,967
7330,56684,968
7330,56684,972
7330,56684,976
7330,56684,981
7330,56684,984
7330,56684,985
7330,56684,987
7330,56684,990
7330,56684,991
7330,56684,995
7330,56684,997
7330,56684,999
7331,56658,3
7331,56658,8
3106,54738,621
3106,54738,625
3106,54738,630
3106,54738,631
3106,54738,634
3106,54738,637
3106,54738,640
3109,54833,6
3109,54833,10
3109,54833,11
3109,54833,12
3109,54833,13
3109,54833,15
7330,56684,2
6408,56329,934
6408,56329,952
2624,54380,357
2624,54380,358
2624,54380,363
2624,54380,375
2624,54380,383
2624,54380,386
2624,54380,400
2624,54380,409
1372,53062,187
1372,53062,217
6294,56482,751
6294,56482,760
7331,56658,460
7331,56658,462
7331,56658,464
7331,56658,465
827,52312,420
827,52312,421
827,52312,440
827,52312,443
827,52312,473
827,52312,475
7581,57195,907
2296,53735,156
2945,54505,382
2945,54505,387
2945,54505,394
2945,54505,397
2945,54505,398
2945,54505,412
2945,54505,414
2945,54505,427
2945,54505,438
2945,54505,462
2945,54505,463
2945,54505,472
2945,54505,473
2945,54505,474
2945,54505,477
2945,54505,480
2945,54505,485
2945,54505,487
2945,54505,489
416,51811,536
3374,54948,306
3374,54948,307
3374,54948,310
3374,54948,311
3374,54948,312
3374,54948,313
3374,54948,314
3374,54948,326
3374,54948,329
3374,54948,331
3374,54948,335
3374,54948,337
3374,54948,340
3374,54948,346
3374,54948,347
3374,54948,348
3374,54948,353
3374,54948,362
3374,54948,372
3374,54948,375
3374,54948,386
3374,54948,390
3374,54948,391
3374,54948,407
3374,54948,408
2421,54153,596
2421,54153,628
1506,53003,481
1506,53003,506
1506,53003,510
1506,53003,518
1506,53003,519
1506,53003,523
1506,53003,532
12547,58928,27
3384,54948,146
3384,54948,147
3384,54948,148
3384,54948,151
8504,57518,942
1708,53503,334
2750,54242,426
1509,52942,515
1509,52942,518
1509,52942,519
1509,52942,538
5491,56034,106
5491,56034,138
5491,56034,186
11324,58395,66
10228,58223,354
3106,54738,347
3106,54738,349
3106,54738,350
3106,54738,351
3106,54738,352
3106,54738,359
1188,52650,85
1188,52650,95
1188,52650,121
5179,55957,76
5179,55957,122
3105,54825,173
3105,54825,180
3105,54825,189
3105,54825,191
3105,54825,194
3105,54825,201
3105,54825,212
3105,54825,225
3105,54825,228
3380,54977,506
3380,54977,509
3380,54977,510
3380,54977,512
3380,54977,513
3380,54977,515
3380,54977,525
3380,54977,526
3380,54977,527
3380,54977,528
3380,54977,530
3380,54977,532
3380,54977,533
3380,54977,549
3380,54977,550
3380,54977,553
3380,54977,554
1196,52733,143
2425,54139,415
2425,54139,418
2425,54139,460
3386,54952,126
3386,54952,127
3386,54952,129
3386,54952,131
3386,54952,133
3386,54952,136
3386,54952,148
3386,54952,155
3386,54952,169
3386,54952,173
3387,54951,434
3387,54951,446
3387,54951,450
3387,54951,452
3387,54951,453
3387,54951,454
3387,54951,455
3387,54951,459
3387,54951,470
3387,54951,473
3387,54951,483
3387,54951,486
1508,52944,49
1508,52944,78
1508,52944,90
1508,52944,92
1508,52944,98
4875,55677,388
2417,53766,7
2417,53766,23
2417,53766,30
2417,53766,48
2417,53766,49
2417,53766,51
3362,54939,68
3362,54939,75
3362,54939,87
3362,54939,88
3362,54939,91
3362,54939,92
3362,54939,93
3362,54939,96
3362,54939,102
3362,54939,107
3362,54939,111
3362,54939,112
5486,56030,62
5486,56030,76
5486,56030,82
1188,52650,578
6407,56311,586
2724,54616,621
2724,54616,623
2724,54616,625
2724,54616,634
2724,54616,639
2727,54414,8
2727,54414,17
2727,54414,19
2727,54414,22
2727,54414,27
2727,54414,30
2727,54414,32
1496,52883,507
1496,52883,509
1496,52883,530
1803,54152,529
7329,56719,159
3111,54800,439
3111,54800,441
3111,54800,442
3111,54800,443
3111,54800,451
3111,54800,462
3111,54800,468
3111,54800,480
3111,54800,481
1507,53763,208
1507,53763,214
1507,53763,215
1507,53763,223
1507,53763,231
1507,53763,235
1507,53763,238
1507,53763,243
1507,53763,253
1507,53763,255
1507,53763,260
8736,57400,559
1051,52468,55
1051,52468,105
1051,52468,158
7452,56745,127
7452,56745,131
7452,56745,132
7452,56745,134
7452,56745,136
7452,56745,137
7452,56745,138
7452,56745,139
7452,56745,141
894,52615,425
894,52615,448
894,52615,484
894,52615,515
1816,53919,284
3123,54741,345
3123,54741,350
3123,54741,352
3123,54741,353
3123,54741,358
3123,54741,360
3123,54741,363
3123,54741,369
3123,54741,371
3123,54741,373
3123,54741,384
3123,54741,387
3123,54741,394
3123,54741,401
3123,54741,406
3123,54741,407
3123,54741,413
3123,54741,418
3123,54741,419
3123,54741,420
3123,54741,421
3123,54741,423
3123,54741,426
3123,54741,429
3123,54741,432
3123,54741,433
3123,54741,446
3123,54741,447
3123,54741,448
584,52049,348
2728,54416,130
2728,54416,144
2728,54416,146
2728,54416,155
2728,54416,160
2728,54416,176
2728,54416,595
2728,54416,613
2728,54416,616
2728,54416,620
2728,54416,621
2728,54416,635
3373,54940,48
3373,54940,49
3373,54940,50
3373,54940,53
3373,54940,55
3373,54940,60
3373,54940,66
3373,54940,69
3373,54940,70
3373,54940,71
3373,54940,72
3373,54940,87
3373,54940,88
3373,54940,89
3373,54940,94
2747,54233,341
7033,56565,752
7033,56565,759
2421,54153,208
2421,54153,220
2421,54153,231
2421,54153,241
2421,54153,243
1501,53740,6
1501,53740,14
1501,53740,37
1501,53740,40
2751,54243,338
8739,57645,558
3123,54741,567
3123,54741,571
3123,54741,574
3123,54741,576
3123,54741,579
3123,54741,581
3123,54741,582
3123,54741,584
3123,54741,585
3123,54741,587
3123,54741,589
3123,54741,593
3123,54741,594
3123,54741,595
3123,54741,597
3123,54741,599
3123,54741,601
3123,54741,603
3123,54741,606
3123,54741,607
3123,54741,617
3123,54741,618
1050,52721,420
3368,54954,67
3368,54954,71
3368,54954,73
3368,54954,74
3368,54954,75
3368,54954,106
3368,54954,109
3368,54954,110
3368,54954,115
5486,56030,204
5486,56030,206
1188,52650,186
7315,56685,480
3384,54948,270
3384,54948,274
3384,54948,288
3384,54948,306
3384,54948,308
3386,54952,348
3386,54952,349
3386,54952,352
3386,54952,366
3386,54952,370
3386,54952,371
3386,54952,374
3386,54952,386
3386,54952,390
3386,54952,391
3386,54952,400
3387,54951,113
3387,54951,114
3387,54951,115
3387,54951,131
3387,54951,146
3387,54951,148
3387,54951,151
3170,54859,507
3170,54859,510
3170,54859,511
3170,54859,512
3170,54859,515
3170,54859,517
3170,54859,529
3170,54859,533
3170,54859,534
3170,54859,546
3170,54859,552
2486,53876,492
2486,53876,498
1508,52944,415
1508,52944,437
1508,52944,465
1508,52944,468
1508,52944,476
1508,52944,483
1508,52944,488
1508,52944,489
1508,52944,498
1508,52944,502
8284,57419,272
8284,57419,352
827,52312,526
827,52312,546
827,52312,548
827,52312,628
5470,56008,618
4875,55677,694
4875,55677,702
3375,55003,448
3375,55003,453
3375,55003,455
3375,55003,459
3375,55003,468
3375,55003,471
3375,55003,473
3375,55003,486
3375,55003,488
3375,55003,490
3375,55003,492
3375,55003,493
1193,52652,614
1193,52652,615
1194,52703,12
7639,57297,251
4507,55564,882
2797,54616,461
2797,54616,466
2797,54616,472
2797,54616,523
2797,54616,535
2797,54616,540
2797,54616,547
2797,54616,548
2797,54616,552
2797,54616,556
2797,54616,558
3110,54747,338
3110,54747,342
3110,54747,344
3110,54747,348
3110,54747,349
3110,54747,353
3110,54747,357
3110,54747,359
3110,54747,365
3110,54747,368
3110,54747,369
3110,54747,371
