4566,55630,228
4710,55707,230
10230,58224,254
1712,53531,434
5719,56014,896
4716,55738,132
2276,53712,111
1963,54331,398
6492,56362,266
6421,56274,296
4561,55614,574
4195,55452,419
5187,56074,226
2628,54326,63
4026,55325,298
5291,55947,24
5008,55744,46
2194,53904,407
5368,56001,36
6062,56091,288
2067,53738,388
5296,55922,114
5296,55922,196
4988,55825,831
4491,55570,358
5779,56338,776
4558,55569,858
1640,53758,444
2525,54569,9
6695,56628,510
5781,56337,528
4496,55544,464
1306,52996,135
4969,56041,142
4193,55476,618
5768,56017,739
4993,55738,99
1256,52902,584
435,51882,109
2822,54389,397
6044,56090,646
2264,53682,294
5787,56254,137
2768,54265,465
5477,56030,892
473,51929,627
7387,57038,933
6630,56358,890
3668,55478,952
2305,54414,501
4064,55366,66
4064,55366,108
1006,52708,283
8198,57374,202
5063,55831,527
2258,54328,3
4975,56037,148
4975,56037,240
1882,53262,432
2629,54087,290
575,52319,448
2700,54417,628
5994,56101,914
4174,55659,846
2539,53918,439
477,52026,147
9225,58013,541
5189,56074,380
4181,55685,854
6742,56415,911
5978,56073,60
2930,54589,104
1891,53238,233
2476,53826,169
6283,56239,558
545,52202,218
545,52202,326
6037,56106,170
6745,56425,519
5856,56090,617
2553,54631,399
8851,57460,879
6144,56237,262
6702,56381,362
5211,56002,236
4502,55569,346
4004,55321,198
4505,55603,185
437,51876,586
2264,53682,189
4896,55712,628
2301,53712,311
2923,54563,347
2414,54526,365
2781,54266,293
7120,56720,653
5205,56040,934
10904,58402,977
4777,55707,472
3674,55182,394
2530,53881,542
5709,56571,646
4757,55653,886
8298,57390,642
4881,55733,70
2707,54144,81
2195,54234,483
10733,58244,194
4068,55445,366
2256,53859,155
301,51942,431
6706,56385,972
1901,53261,25
1852,53534,516
1702,53144,152
7111,56741,826
2186,54327,280
2351,53786,221
5005,55751,118
3972,55589,960
6833,56413,373
2918,54554,70
4648,55673,974
5886,56034,306
5200,56091,768
1687,53260,509
2195,54234,364
3696,55277,408
5192,56066,62
1882,53262,136
3666,55185,346
7097,56667,586
664,52174,577
5480,56001,352
4061,55362,446
890,52583,99
5361,55973,338
3962,55660,452
4634,55626,374
3978,55330,964
6726,56394,254
3931,55350,142
2671,54141,476
1662,52970,96
4216,55477,962
3937,55352,898
2070,53729,483
1640,53758,77
4722,55735,916
4805,55715,635
4777,55707,526
1640,53758,459
1640,53758,470
1640,53758,517
1640,53758,522
6143,56267,900
5860,56046,400
4785,55659,110
2694,54199,23
5969,56069,137
5786,56251,770
3805,55269,380
4974,56038,870
6737,56365,380
1201,52674,469
7085,56625,422
2359,53826,395
981,52435,608
5898,56045,844
7088,56657,198
5720,56602,568
4860,55691,338
4237,55478,159
5446,56014,749
2192,54232,91
674,52201,1
4183,55447,836
5367,55986,39
990,52465,262
6284,56310,266
8819,57450,598
2075,53730,282
3859,55246,228
4643,55946,158
4623,55621,176
7449,56740,748
1924,53330,471
9573,57787,546
5188,55803,738
4064,55366,468
4885,55735,827
2644,54210,421
3936,55302,298
3936,55302,308
4216,55477,816
5059,56190,110
4067,55361,889
493,51957,437
10256,58193,462
1640,53758,113
5209,56002,186
3699,55517,846
6038,56090,980
5708,56605,630
6730,56425,756
6710,56416,114
5373,56010,314
2318,54628,563
6470,56334,612
1314,53050,378
5109,55892,494
6507,56478,598
2472,54175,6
6809,56454,642
1638,52999,15
3853,55268,212
1254,52972,105
1254,52972,163
732,52221,160
6497,56329,32
4990,55743,418
4621,55649,430
5125,55863,846
5709,56571,572
4196,55478,636
5044,56186,896
4225,55455,148
5785,56269,732
5948,56107,428
3587,55182,916
4895,55708,464
4174,55659,386
3606,55182,206
5490,56003,176
6723,56428,818
4861,55710,496
5174,56047,2
364,52000,3
2644,54210,136
990,52465,639
6038,56090,135
731,52460,541
6621,56366,882
6986,56717,584
3819,55540,316
2944,54523,419
5048,56218,916
2402,54176,4
716,52203,344
6808,56443,186
5188,55803,772
5188,55803,798
4953,55749,388
4014,55630,705
4084,55447,163
4988,55825,180
2249,53566,230
6983,56447,251
5945,56213,478
5800,56279,24
2327,53710,195
6967,56447,930
518,52282,102
518,52282,144
4610,55621,292
4979,56045,624
4631,55617,396
4012,55327,776
6435,56341,164
2572,54056,193
6308,56215,575
2931,54590,100
6161,56238,392
4601,55589,420
5205,56040,830
2931,54590,531
5013,55723,469
2671,54141,287
4774,55659,738
3936,55302,386
429,51820,311
4495,55566,926
4807,55687,630
4069,55365,586
3674,55182,714
3859,55246,432
5784,56029,716
1832,54259,172
7183,56658,750
2262,54623,232
5947,56093,874
5285,55946,74
6831,56426,807
6716,56401,98
3953,55322,68
6661,56366,240
354,51792,233
2409,54210,230
5445,55987,750
6477,56365,696
2605,54484,167
4487,55866,982
5370,56003,716
4807,55687,720
9232,58037,501
346,51693,195
3735,55209,723
6623,56367,254
2184,53534,139
6044,56090,72
2460,54616,393
4443,55539,18
5773,56009,94
1601,53115,69
2600,54243,314
6025,56098,694
6028,56102,886
5172,56071,644
6840,56685,746
2869,54454,481
3829,55300,464
6676,56389,150
753,52233,282
753,52233,348
5807,56329,699
1752,53379,602
2552,54632,483
5371,55976,512
6620,56368,78
5212,56016,456
5948,56107,60
6429,56274,732
4056,55357,580
5384,55984,270
612,52079,102
4215,55471,624
966,52642,92
6697,56419,728
4496,55544,146
4708,55704,146
2350,53765,507
1707,53885,10
3588,55184,750
2461,54570,119
1434,53053,70
6966,56748,903
3822,55544,422
6664,56383,868
1400,53470,312
1715,54212,404
4767,55946,176
4451,55537,544
1300,52973,245
3655,55240,778
5323,55957,714
1894,53240,324
4724,55742,646
6482,56358,390
2419,54139,98
5493,56009,276
5799,56325,636
4228,55484,337
975,52411,384
1173,52790,358
4484,55565,148
5417,55978,724
386,51788,495
1383,53116,611
4185,55469,656
4490,55629,930
427,51900,320
5016,55709,56
2200,53875,309
5983,56310,154
5062,55803,108
4190,55686,500
4191,55444,111
1460,53138,535
4640,55927,766
4070,55681,388
6986,56717,448
349,51699,564
3588,55184,630
416,51811,458
7114,56748,224
4447,55542,856
358,51818,126
6026,56071,568
4903,55927,682
4014,55630,282
5203,56034,106
3830,55574,146
3830,55574,212
6681,56419,976
5002,55710,117
4493,55585,362
4221,55443,768
4196,55478,956
4196,55478,974
1705,53848,634
2729,54419,106
6431,56311,396
609,52339,456
8529,58013,599
3788,55246,828
7099,56666,790
5291,55947,334
4484,55565,792
4451,55537,490
332,52367,184
2060,53706,429
6742,56415,530
5389,55953,937
2552,54632,347
6659,56607,438
4734,55646,608
5478,56014,298
1266,52709,512
2188,54595,512
4694,55649,968
2413,54169,10
10921,58251,342
4797,55662,113
2521,54538,276
5207,56018,460
4722,55735,206
3941,55321,1000
4890,55741,202
4890,55741,230
4191,55444,846
2287,53705,455
6467,56270,340
4223,55451,920
5331,55976,828
2532,54589,199
4503,55563,138
4341,55538,344
4073,55663,343
2187,54270,562
4977,56047,308
7098,56661,202
7031,56449,286
4060,55359,130
5200,56091,530
3809,55533,376
2833,54650,64
389,51795,41
6192,56269,236
5148,56220,348
5178,56246,544
2552,54632,66
1640,53758,378
9343,57715,902
6644,56384,473
3858,55273,420
351,51695,254
5284,55866,456
6045,56072,876
3807,55511,938
2919,54537,359
6508,56535,142
4017,55329,734
5393,55946,624
5058,56208,140
7142,56567,596
2499,54176,512
1788,54468,332
2790,54555,62
5984,56337,294
2502,54180,405
634,52164,465
5407,55926,634
4711,55737,262
2629,54087,562
6663,56338,290
2406,54084,250
796,52401,180
1740,53050,458
2332,54149,1
5008,55744,296
1888,53239,317
5743,56011,396
4987,55746,150
4213,55449,540
4084,55447,562
3930,55332,259
2186,54327,153
3784,55269,372
5302,55896,674
4201,55443,146
4096,55501,928
6628,56366,692
5379,55986,141
5108,55888,892
2303,54629,505
2781,54266,412
2781,54266,435
6972,56426,126
5001,55719,106
4020,55332,104
2255,53565,369
2679,54368,356
2679,54368,417
3674,55182,974
5813,56363,640
2627,54379,605
5200,56091,132
8435,57487,114
3768,55564,162
5898,56045,254
3858,55273,856
348,51671,43
351,51695,434
4995,55739,968
2512,53877,14
6416,56312,717
3670,55480,438
1687,53260,410
5319,55953,894
6725,56390,918
1659,53224,307
2519,54570,577
3932,55337,464
4890,55741,170
4189,55679,418
7107,56740,541
5895,56046,856
6829,56453,290
2261,53612,271
6294,56482,170
6429,56274,572
3954,55680,70
6414,56306,378
4878,55710,648
4057,55357,276
6114,56209,336
5798,56326,156
5480,56001,454
5412,55981,466
7118,56686,378
6723,56428,967
6723,56428,992
4720,55691,910
2934,54626,51
5808,56325,836
3940,55327,570
4198,55480,324
4874,55673,236
4995,55739,250
4732,55648,982
4077,55361,828
4203,55447,317
6051,56093,382
7663,57328,652
523,52026,259
6972,56426,941
1571,53174,193
427,51900,564
2934,54626,197
2528,54571,355
2259,53565,443
5732,56326,682
5968,56356,342
4881,55733,182
2698,54140,328
2561,54597,215
330,52370,195
7087,56637,238
2222,53799,568
2606,54154,68
6279,56243,256
1974,53430,578
6816,56444,668
3983,55603,180
6314,56191,922
6452,56366,186
6746,56386,576
1983,53442,106
1670,54553,515
3764,55514,938
6714,56447,804
4786,55651,830
3650,55244,222
1925,53327,573
10915,58257,940
6628,56366,256
5886,56034,358
2828,54438,463
4901,55711,360
2058,53349,131
1442,53050,19
5202,55824,158
3826,55563,732
4539,55865,610
3980,55331,126
10909,58280,663
3673,55178,102
2874,54561,83
4724,55742,176
4807,55687,860
1794,54504,614
3764,55514,174
4687,56338,250
5471,56034,46
3785,55273,172
6738,56424,742
1712,53531,254
4479,55592,435
4177,55688,558
4953,55749,592
9228,58014,991
5058,56208,428
3945,55648,784
3801,55509,716
4992,55723,93
4194,55450,552
1948,53388,540
2690,54211,450
1623,53089,97
4893,55709,764
2749,54241,339
5472,55976,378
2629,54087,135
1292,52736,581
5791,56255,700
3668,55478,474
5871,56041,229
6459,56273,598
2871,54536,542
5452,55957,461
4807,55687,354
5399,55956,352
5465,55988,72
6790,56430,246
6413,56336,564
5970,56046,616
4057,55357,588
5718,56693,174
2800,54326,603
6412,56358,720
6740,56401,174
12545,58930,509
7118,56686,628
4651,56008,440
4768,55944,104
530,52026,467
4771,55925,345
2308,54379,230
4033,55332,338
8167,57071,495
6681,56419,614
5980,56338,250
7396,56809,237
4965,55721,196
6822,56711,176
3945,55648,436
2162,54207,528
5210,56003,791
5210,56003,846
4783,55652,214
6320,56453,480
7256,56658,383
5968,56356,348
4504,55571,318
5811,56334,574
6656,56624,828
1341,52786,278
5812,56354,346
1907,53315,293
5476,55986,114
5771,56011,896
4174,55659,205
5494,55857,53
8827,57444,672
3657,55244,150
3684,55246,576
4217,55478,306
2944,54523,192
5801,56328,812
4847,55931,477
7097,56667,780
5199,56067,646
5887,56035,380
1866,53314,295
1866,53314,343
2867,54479,407
3670,55480,628
2278,53711,52
6308,56215,306
2573,54061,526
5321,55945,412
2310,53710,594
3930,55332,745
3930,55332,752
5324,55947,785
2069,53376,343
6037,56106,210
2070,53729,132
1304,52993,131
3660,55209,24
5876,56042,502
6621,56366,792
2076,53442,213
3859,55246,864
6040,56101,820
2317,54152,605
4399,55811,306
5989,56312,246
6829,56453,878
5406,55955,465
5885,56036,850
1912,53293,353
5202,55824,351
5170,56063,882
6839,56425,362
6678,56401,952
5855,56088,776
6821,56396,28
9216,57693,964
4776,55652,298
4019,55363,519
4190,55686,796
4990,55743,230
4755,55660,176
4502,55569,721
6044,56090,132
1242,52901,412
1217,52672,29
6429,56274,354
4573,55587,160
4443,55539,200
3808,55513,302
3808,55513,338
2303,54629,139
5114,55883,700
4983,55836,384
6840,56685,282
2548,54152,621
5777,56280,642
1640,53758,581
1640,53758,590
4639,55944,684
5193,56066,889
1795,54507,96
5859,56065,434
4465,55858,827
2044,53327,457
5045,56181,306
4624,55654,162
3864,55649,610
4895,55708,171
4895,55708,209
4007,55327,690
5443,56010,198
611,52055,70
2568,54153,184
6635,56370,290
7101,56659,458
7101,56659,474
1186,52646,107
942,52703,275
1250,52930,171
7103,56661,863
1753,53383,262
4558,55569,409
6619,56371,138
6697,56419,932
732,52221,622
2183,53536,303
2824,54452,225
4624,55654,414
7083,56722,782
5950,56211,254
1372,53062,430
4073,55663,886
5970,56072,866
2299,53711,67
7114,56748,884
7114,56748,924
2707,54144,488
6631,56364,242
2570,54081,560
3945,55648,982
2182,53905,626
3866,55623,830
4074,55679,434
5302,55896,905
6793,56430,867
2827,54422,439
4037,55631,882
7425,56777,656
4695,55957,463
3692,55186,586
5188,55803,920
1660,53230,290
6449,56356,980
5348,55978,163
7092,56683,722
11126,58436,285
7445,56720,208
1574,53476,548
6698,56637,733
4192,55469,216
5064,55864,668
4196,55478,768
4196,55478,792
3819,55540,174
5197,55828,40
3664,55245,334
915,52443,607
4692,55644,818
840,52374,160
6797,56426,215
6001,56072,348
2192,54232,200
5872,56027,62
4798,55672,869
4242,55476,674
6036,56093,848
3983,55603,462
2251,53557,387
5208,56008,832
4376,55863,948
7626,56934,535
2940,54508,99
5768,56017,216
3817,55277,888
2011,53499,422
2079,53379,75
2184,53534,255
4835,56016,976
4711,55737,258
5792,56269,653
4038,55363,792
4457,55858,420
2819,54617,322
2819,54617,332
6045,56072,350
4506,55568,774
3665,55247,394
5813,56363,576
830,52293,562
2187,54270,336
978,52441,549
1713,53827,193
2514,53882,492
6678,56401,988
5452,55957,846
7864,56979,587
5875,56038,608
7092,56683,806
573,52325,319
3861,55274,64
638,52081,1
2827,54422,516
6025,56098,100
2713,54400,34
1774,53759,468
4858,55686,890
5723,56597,828
2198,53918,417
4989,56069,338
4777,55707,652
3985,55320,230
6982,56444,806
7081,56684,318
2443,54082,421
2443,54082,479
5708,56605,893
2318,54628,54
2318,54628,63
2942,54521,79
1425,52913,255
2654,54231,383
4228,55484,398
2322,53727,191
2186,54327,607
3678,55208,358
4443,55539,985
4739,55644,110
721,52228,595
4771,55925,844
4033,55332,526
4017,55329,200
695,52202,31
6034,56103,530
6682,56390,90
6283,56239,967
5731,56363,802
2942,54521,339
6806,56419,280
5796,56274,610
4074,55679,830
9171,58068,944
4528,55559,932
6051,56093,588
1440,53084,46
476,52314,553
4482,55617,368
4012,55327,892
4012,55327,912
5484,56039,478
309,51994,12
7120,56720,894
7123,56726,590
4412,55912,678
4412,55912,754
4984,55827,792
5421,55980,542
5421,55980,550
3938,55328,152
3943,55336,472
566,52238,38
7825,57030,797
4223,55451,255
5301,55987,390
8297,57416,578
2946,54506,93
2398,53768,185
8302,57389,854
1909,53261,463
4997,55738,346
2004,53737,296
5781,56337,536
7630,57006,944
2205,53793,551
2183,53536,208
2077,53846,452
4783,55652,602
4757,55653,489
6018,56067,883
2400,53765,125
11375,58426,636
4693,55632,301
4693,55632,366
5005,55751,992
441,51868,33
6720,56390,350
4178,55653,602
6970,56444,224
5203,56034,894
2063,53359,471
3852,55243,676
6063,56098,304
2873,54505,336
6286,56301,180
6013,56074,696
417,51821,428
2121,54180,453
5883,56033,900
6487,56362,574
2890,54495,354
4176,55682,314
4176,55682,412
7744,58396,836
3655,55240,512
3655,55240,518
3655,55240,832
5776,56010,610
4184,55450,564
4664,56192,958
727,52207,576
4490,55629,689
5454,56015,158
2674,54097,287
6641,56383,262
2073,53728,230
4966,55712,924
6439,56358,445
1616,53169,36
5063,55831,824
5351,55952,218
997,52734,349
636,52176,347
5732,56326,778
2321,53711,458
2945,54505,483
2916,54507,563
3668,55478,650
2303,54629,108
5000,55715,22
845,52381,204
1845,54144,397
4064,55366,738
695,52202,427
1274,52995,50
861,52318,194
6817,56455,144
3774,55244,643
2072,53430,200
3986,55329,356
709,52205,122
4470,55587,62
2418,53794,177
4026,55325,414
3785,55273,412
5315,55978,664
515,52051,89
