3362,54939,4
3362,54939,42
1501,53740,615
1501,53740,616
1501,53740,638
1502,53741,9
1502,53741,12
1502,53741,13
1502,53741,24
2945,54505,571
2945,54505,587
7404,56776,776
7404,56776,791
1507,53763,634
1507,53763,638
1508,52944,8
1508,52944,22
1508,52944,24
1508,52944,27
1508,52944,104
1990,53472,532
1990,53472,545
1990,53472,562
1990,53472,620
1990,53472,634
417,51821,128
2297,53738,50
2696,54167,551
2016,53799,67
2016,53799,129
2016,53799,164
8736,57400,174
2119,53792,542
10233,58130,654
1200,52668,216
1508,52944,524
1508,52944,542
1508,52944,564
1508,52944,578
1508,52944,585
1508,52944,590
1508,52944,595
1508,52944,619
1508,52944,631
1509,52942,1
3122,54821,204
975,52411,136
975,52411,175
7386,56769,422
1649,53149,326
3002,54844,330
2947,54533,563
607,52368,317
607,52368,363
607,52368,392
607,52368,397
1581,53149,443
1581,53149,451
1581,53149,497
1581,53149,506
1581,53149,512
1581,53149,529
1581,53149,555
1581,53149,566
1291,52738,431
2509,54180,260
1626,53472,305
2917,54556,485
2917,54556,500
2751,54243,419
3123,54741,590
3123,54741,602
12525,58932,301
12525,58932,304
12525,58932,314
3106,54738,306
3106,54738,314
3106,54738,317
8276,57067,148
8280,57061,940
1495,52944,522
3123,54741,292
3123,54741,332
6117,56272,800
4380,55857,678
1372,53062,634
1343,52790,261
1343,52790,300
1343,52790,309
8432,57834,28
7422,56799,155
7422,56799,171
7422,56799,184
7422,56799,198
3386,54952,582
1190,52670,347
7643,57302,222
7643,57302,226
6414,56306,754
11401,58491,224
10758,58220,326
3000,54843,629
6369,56217,127
6369,56217,129
3327,54951,344
3327,54951,346
8283,57064,213
574,52355,483
1291,52738,81
1508,52944,294
1508,52944,314
1508,52944,326
1162,52668,219
4472,55893,910
2050,53401,211
2595,54207,264
5951,56102,365
1476,52964,235
1476,52964,258
1476,52964,270
1476,52964,286
1476,52964,288
1476,52964,295
1476,52964,296
1476,52964,298
2089,53498,324
2089,53498,343
2089,53498,360
2089,53498,367
2089,53498,369
2089,53498,370
2089,53498,376
2089,53498,383
2089,53498,399
2089,53498,410
2089,53498,420
1768,53442,268
12531,58932,781
12531,58932,876
11375,58426,541
2091,53447,194
7328,56715,92
2728,54416,163
574,52355,420
3368,54954,65
3368,54954,116
3952,55330,497
7028,56449,188
2397,53763,69
2422,54096,587
10726,58199,850
8526,57898,117
3327,54951,165
3327,54951,174
3327,54951,177
1108,53227,104
1108,53227,113
1108,53227,116
1108,53227,167
1108,53227,177
1108,53227,184
1108,53227,212
2427,53815,351
3106,54738,510
3106,54738,512
3106,54738,517
3106,54738,531
2628,54326,230
2628,54326,258
2628,54326,260
2628,54326,265
2628,54326,275
2298,53737,355
1026,52558,327
1074,52937,314
1074,52937,322
1074,52937,323
1074,52937,346
1074,52937,356
1074,52937,367
1992,53466,423
1992,53466,424
1992,53466,426
1992,53466,428
2628,54326,292
2628,54326,332
830,52293,519
830,52293,558
1767,53436,543
1767,53436,551
3171,54862,519
3171,54862,523
3171,54862,536
3171,54862,540
3171,54862,605
11086,58401,216
5697,55944,546
1345,52814,395
1345,52814,403
1345,52814,437
1345,52814,475
1345,52814,494
471,51924,621
472,51955,58
1396,53112,440
1396,53112,462
1396,53112,466
1396,53112,481
1396,53112,485
1396,53112,500
1396,53112,520
2150,54510,209
2150,54510,227
2150,54510,233
1737,53055,58
1677,53148,187
1677,53148,189
1345,52814,335
1345,52814,342
1345,52814,352
1345,52814,362
1192,52649,216
9548,57785,831
1908,53239,39
1908,53239,61
1908,53239,89
1908,53239,90
1908,53239,91
1908,53239,122
7701,57356,261
8527,57897,711
2948,54553,603
2948,54553,615
2948,54553,618
2948,54553,620
2948,54553,623
2948,54553,633
2949,54557,6
2949,54557,7
2949,54557,10
2949,54557,19
2949,54557,22
2949,54557,33
2949,54557,41
2949,54557,42
2949,54557,45
2949,54557,49
2949,54557,53
2949,54557,60
2949,54557,67
2949,54557,70
3110,54747,232
3110,54747,261
3110,54747,303
3110,54747,312
3110,54747,313
3110,54747,322
3110,54747,325
2090,53463,605
2090,53463,638
1485,52992,416
1485,52992,421
1485,52992,425
1485,52992,439
1485,52992,448
1485,52992,467
1485,52992,478
1485,52992,486
1485,52992,520
1485,52992,524
1485,52992,527
1485,52992,528
2091,53447,322
2091,53447,339
2091,53447,363
2091,53447,368
2091,53447,388
1486,52993,141
1486,52993,145
1486,52993,167
1486,52993,186
1486,52993,196
1486,52993,203
1486,52993,207
1486,52993,210
1486,52993,232
1486,52993,244
7291,56992,386
7291,56992,406
10728,58248,597
7635,56979,518
7635,56979,545
3112,54802,597
3112,54802,608
3112,54802,640
3114,54773,2
3114,54773,8
7031,56449,396
4569,55631,788
2426,53795,51
2427,53815,293
2427,53815,302
2427,53815,306
2427,53815,310
8285,57048,643
1201,52674,567
622,52054,49
1991,53446,379
1991,53446,380
1991,53446,391
1991,53446,393
1991,53446,394
1991,53446,404
1991,53446,414
1991,53446,418
1991,53446,465
581,52356,552
1190,52670,525
1508,52944,166
1508,52944,171
1508,52944,205
1508,52944,248
1508,52944,250
1508,52944,252
1508,52944,261
1508,52944,262
1508,52944,273
1508,52944,280
1344,52792,467
1649,53149,97
1649,53149,172
1805,53875,338
1805,53875,345
1498,52914,118
512,51992,592
8377,57783,904
11316,58396,539
11316,58396,605
352,51694,634
1625,53140,253
4229,55501,124
9548,57785,722
4874,55673,554
3109,54833,477
3109,54833,480
3109,54833,485
2595,54207,599
2595,54207,606
2595,54207,614
2596,54207,75
1954,53357,482
1954,53357,488
2401,53768,199
2401,53768,210
7318,56990,985
2699,54414,505
2699,54414,520
2699,54414,523
2699,54414,575
2699,54414,576
3189,54833,341
3295,54924,137
7328,56715,158
1802,53885,143
1188,52650,128
1188,52650,166
1188,52650,174
7330,56684,99
7330,56684,100
1498,52914,246
1498,52914,247
1498,52914,259
1498,52914,262
1498,52914,288
8279,57063,666
2422,54096,322
8866,57457,860
7404,56776,714
1990,53472,323
6719,56390,799
2746,54232,143
2746,54232,151
2746,54232,173
3121,54749,592
3121,54749,594
3121,54749,603
3121,54749,614
3122,54821,17
3122,54821,24
3122,54821,28
2487,53852,24
2487,53852,96
2424,54448,321
2424,54448,326
2424,54448,328
12544,58928,98
2116,53854,605
2745,54231,549
1504,52940,567
1504,52940,597
4571,55629,716
1373,53063,292
3246,54939,603
3247,54888,65
8278,56990,346
5474,56036,438
1475,52903,207
1907,53315,480
1907,53315,488
1907,53315,510
1907,53315,518
639,52146,239
639,52146,256
1345,52814,234
1396,53112,151
1396,53112,158
1396,53112,167
1396,53112,173
1396,53112,193
1396,53112,247
439,51877,412
4732,55648,408
6660,56370,494
3869,55273,461
6487,56362,109
2859,54570,408
2658,54502,85
2658,54502,117
1396,53112,552
1396,53112,572
1115,52914,111
1115,52914,120
1115,52914,128
1115,52914,131
1115,52914,156
583,52055,515
3362,54939,243
3362,54939,257
4872,55944,261
2624,54380,291
11337,58431,835
10231,58171,209
10231,58171,231
7332,56683,931
2351,53786,549
2351,53786,557
891,52584,636
892,52378,8
1859,53177,265
621,52055,535
3112,54802,328
3112,54802,334
3112,54802,348
1501,53740,375
1501,53740,389
1501,53740,397
1501,53740,398
1501,53740,399
1501,53740,400
1501,53740,403
1501,53740,405
1501,53740,410
1373,53063,114
7289,57039,642
7830,57043,440
274,51913,467
274,51913,475
1506,53003,539
1506,53003,554
1506,53003,579
1506,53003,585
1804,53886,497
2399,53764,33
2886,54498,563
2886,54498,566
713,52178,454
1475,52903,511
1475,52903,537
1475,52903,544
4229,55501,76
1840,53472,24
1840,53472,65
664,52174,142
7259,56603,455
7259,56603,456
7259,56603,467
7259,56603,476
7259,56603,479
7259,56603,481
7259,56603,496
7259,56603,497
7259,56603,499
7259,56603,502
4848,55955,72
4848,55955,102
1485,52992,49
1485,52992,66
1485,52992,67
1485,52992,72
1485,52992,76
1485,52992,107
1485,52992,123
1485,52992,126
1485,52992,151
5049,56103,60
714,52201,446
7291,56992,459
2417,53766,140
11040,58456,186
2109,53468,313
1191,52674,260
7330,56684,127
574,52355,557
7330,56684,234
1805,53875,630
7329,56719,637
267,51608,501
3368,54954,416
3368,54954,427
3105,54825,426
4508,55600,392
4508,55600,434
2423,54149,122
2423,54149,155
2423,54149,176
4876,55679,794
3380,54977,181
8872,57422,3
2627,54379,284
2627,54379,345
741,52261,136
2915,54497,475
7236,56605,360
7236,56605,383
884,52374,380
884,52374,421
4510,55559,980
4511,55602,38
622,52054,433
622,52054,466
4008,55356,544
1244,52674,589
1244,52674,597
1244,52674,601
1244,52674,605
1244,52674,612
1244,52674,613
1244,52674,614
1244,52674,619
1244,52674,620
1244,52674,621
1244,52674,622
1244,52674,624
1244,52674,625
1244,52674,627
1244,52674,629
1244,52674,632
1244,52674,634
1244,52674,638
1245,53770,2
1245,53770,7
1245,53770,8
1245,53770,15
1245,53770,22
1245,53770,24
10739,58255,926
9142,57664,129
2629,54087,187
2629,54087,190
742,52263,320
1954,53357,256
1954,53357,259
1954,53357,264
1954,53357,280
1954,53357,297
1954,53357,351
1926,53317,410
1926,53317,417
664,52174,356
2826,54389,575
573,52325,625
3362,54939,185
3362,54939,298
3362,54939,322
3362,54939,384
11633,58463,358
3373,54940,245
3373,54940,264
268,51633,349
886,52381,456
892,52378,261
1507,53763,599
1507,53763,601
1507,53763,603
1507,53763,618
1507,53763,621
1507,53763,622
1372,53062,481
1372,53062,513
764,52238,255
764,52238,356
2168,53886,620
1991,53446,517
1991,53446,535
1991,53446,595
1991,53446,605
1953,53358,133
2353,53794,48
2353,53794,89
2398,53768,521
2398,53768,537
2398,53768,573
6750,56367,692
5882,56029,642
685,52203,133
381,51811,255
2323,54380,117
7831,57016,320
7453,56749,745
7259,56603,175
7259,56603,185
7259,56603,197
7259,56603,198
7259,56603,200
7259,56603,210
7259,56603,217
7259,56603,234
7259,56603,235
7259,56603,240
7259,56603,245
7259,56603,257
7259,56603,266
7259,56603,271
7259,56603,277
2089,53498,468
2089,53498,533
2089,53498,562
2400,53765,231
2400,53765,292
2400,53765,313
7318,56990,650
1476,52964,553
1955,53442,252
1955,53442,258
1955,53442,274
1955,53442,277
1955,53442,287
1955,53442,288
1955,53442,295
1955,53442,302
1955,53442,319
886,52381,200
2430,53815,264
2430,53815,297
2751,54243,5
1506,53003,308
1506,53003,331
1506,53003,333
1506,53003,346
1506,53003,356
1506,53003,371
1506,53003,377
1506,53003,384
1506,53003,386
1506,53003,397
1506,53003,415
10726,58199,260
269,51910,520
3375,55003,118
3375,55003,159
6410,56336,656
886,52381,634
2424,54448,459
2749,54241,419
2749,54241,455
7385,56710,722
7385,56710,753
7830,57043,199
3368,54954,123
3368,54954,168
3368,54954,217
2419,54139,203
7878,57340,102
8736,57400,110
8736,57400,111
3106,54738,470
3106,54738,485
3106,54738,494
2428,53801,548
2428,53801,592
2428,53801,593
2121,54180,277
2121,54180,302
2121,54180,303
2121,54180,349
2353,53794,199
2353,53794,223
2322,53727,262
6430,56299,970
6530,56537,754
1053,52468,299
1053,52468,323
2916,54507,362
7406,56805,302
2215,53793,273
2354,53799,374
2354,53799,430
2354,53799,431
2354,53799,437
2354,53799,440
2354,53799,442
2354,53799,445
2421,54153,454
2421,54153,476
2401,53768,420
2401,53768,434
2401,53768,476
886,52381,65
886,52381,69
886,52381,92
7029,56455,912
7029,56455,935
12531,58932,914
2509,54180,587
8824,58162,917
8283,57064,434
1199,52703,411
2422,54096,434
3111,54800,201
3111,54800,207
1498,52914,291
1498,52914,296
1498,52914,310
1498,52914,315
1498,52914,340
1498,52914,343
1498,52914,348
1188,52650,246
10000,57716,597
4568,55600,20
10757,58223,835
577,52367,98
7735,58136,790
7735,58136,821
2915,54497,66
2915,54497,98
2915,54497,112
2429,53799,472
2429,53799,477
2429,53799,516
277,51908,586
1509,52942,377
5047,55833,652
8062,58251,949
5131,55835,372
5131,55835,418
1373,53063,477
1052,52466,185
2087,53415,484
2087,53415,490
2087,53415,501
2087,53415,535
2087,53415,547
2087,53415,562
792,52353,30
792,52353,93
2420,54086,143
2420,54086,149
2420,54086,186
2420,54086,207
3293,54921,476
2594,54177,631
2594,54177,638
2595,54207,11
1676,53147,547
1677,53148,10
1026,52558,503
2017,53474,85
6398,56356,368
6398,56356,372
2354,53799,124
3110,54747,19
3110,54747,54
3110,54747,59
3110,54747,62
3110,54747,68
11114,58437,450
2629,54087,577
2629,54087,592
2630,54327,12
5379,55986,332
2268,53682,377
7237,56662,970
7237,56662,981
7238,56660,6
7238,56660,27
3329,54970,364
584,52049,442
8729,57399,708
1813,53903,129
891,52584,405
891,52584,410
3114,54773,565
2120,53852,573
2428,53801,192
2428,53801,222
2428,53801,228
9368,57817,771
2085,53379,623
2086,53401,3
2086,53401,16
2086,53401,34
7316,56710,242
4877,55707,71
4877,55707,76
1190,52670,124
1190,52670,137
1190,52670,175
892,52378,399
892,52378,413
10262,58543,996
3121,54749,260
5491,56034,676
2121,54180,400
2121,54180,404
2121,54180,426
2121,54180,431
2121,54180,437
2121,54180,438
7405,57134,645
7405,57134,646
7405,57134,648
4199,55481,928
4199,55481,986
4200,55499,45
6369,56217,344
6369,56217,345
6369,56217,354
2947,54533,277
2947,54533,332
2947,54533,358
2399,53764,267
2698,54140,92
2698,54140,105
2698,54140,145
2698,54140,158
2698,54140,170
7584,56957,859
4277,55506,584
2826,54389,292
1054,52516,58
1054,52516,95
1054,52516,142
2917,54556,168
2917,54556,191
2917,54556,196
2917,54556,223
1346,52822,8
1346,52822,107
1954,53357,636
1955,53442,12
1955,53442,54
4229,55501,907
977,52410,170
977,52410,209
3005,54876,100
4760,55656,350
7259,56603,844
7259,56603,845
2749,54241,376
3122,54821,113
3373,54940,416
4198,55480,660
1735,53035,270
1735,53035,285
1735,53035,290
1735,53035,311
1735,53035,331
1735,53035,338
1735,53035,339
1735,53035,356
1735,53035,370
1735,53035,371
1735,53035,372
1735,53035,379
2297,53738,105
2297,53738,152
6963,56724,948
1198,52669,485
1198,52669,513
891,52584,528
891,52584,542
6118,56189,552
8062,58251,359
1814,54555,481
12547,58928,922
933,52642,595
2560,54205,194
2267,53713,85
2267,53713,88
2267,53713,133
2267,53713,184
3247,54888,180
3247,54888,220
3247,54888,236
3247,54888,282
975,52411,628
2536,53883,377
1907,53315,544
1907,53315,552
1907,53315,561
1908,53239,4
2215,53793,29
2215,53793,36
2887,54521,55
2887,54521,57
2887,54521,58
2887,54521,95
2887,54521,102
2887,54521,104
639,52146,545
639,52146,553
11086,58401,891
934,52672,599
934,52672,639
10246,58171,324
8756,57687,103
1841,53491,34
1841,53491,68
1841,53491,76
1841,53491,78
1841,53491,110
3374,54948,556
3374,54948,564
3374,54948,598
3374,54948,601
3295,54924,343
3295,54924,345
3295,54924,358
3295,54924,379
3295,54924,383
3295,54924,398
3295,54924,403
7635,56979,192
7635,56979,216
7329,56719,838
7329,56719,848
884,52374,232
884,52374,234
574,52355,360
2728,54416,282
3326,54943,321
1811,53533,104
1811,53533,119
7235,56603,403
7328,56715,984
888,52339,161
888,52339,189
888,52339,221
4199,55481,94
4199,55481,96
4199,55481,100
4199,55481,110
4228,55484,238
7636,56989,941
7637,56933,26
1474,52933,230
1474,52933,232
1474,52933,288
1474,52933,311
2087,53415,467
2087,53415,468
2087,53415,472
2087,53415,477
12531,58932,82
1805,53875,235
2536,53883,149
6792,56432,258
2628,54326,531
2628,54326,560
2628,54326,571
2628,54326,574
2628,54326,621
1374,53083,268
1345,52814,20
2267,53713,247
2267,53713,293
2267,53713,296
7237,56662,142
2354,53799,166
2354,53799,167
2354,53799,188
4200,55499,545
4200,55499,566
831,52294,347
831,52294,412
831,52294,463
1768,53442,333
1768,53442,344
1768,53442,349
