581,52356,474
438,51884,329
1992,53466,17
1161,52703,487
8278,56990,214
3109,54833,19
3171,54862,288
3171,54862,341
3171,54862,342
3171,54862,356
3171,54862,381
3171,54862,394
304,51609,481
304,51609,485
304,51609,493
8208,57430,104
8208,57430,106
1677,53148,115
1677,53148,119
1649,53149,392
1649,53149,407
1313,52790,250
1677,53148,160
1677,53148,161
1677,53148,165
1677,53148,174
3105,54825,84
3105,54825,95
5486,56030,892
5486,56030,894
882,52370,377
3805,55269,648
2742,54233,239
2423,54149,564
2423,54149,592
3110,54747,147
3110,54747,148
3110,54747,159
3110,54747,166
1806,53559,501
1051,52468,239
1510,52992,45
1510,52992,63
1510,52992,65
1510,52992,88
1510,52992,99
2049,53350,104
3650,55244,540
2419,54139,89
2419,54139,110
2111,53467,58
2111,53467,68
4295,55858,592
2426,53795,422
2426,53795,435
1505,52941,354
1505,52941,365
1505,52941,374
2746,54232,257
1200,52668,74
7736,57728,346
1509,52942,575
1509,52942,583
1509,52942,616
1509,52942,634
1509,52942,638
1510,52992,9
1510,52992,29
1510,52992,35
2430,53815,83
2430,53815,88
11653,58526,510
1474,52933,587
1474,52933,594
1474,52933,626
1475,52903,13
1475,52903,43
7453,56749,234
7453,56749,240
1112,53180,108
1112,53180,178
10739,58255,812
3373,54940,116
3373,54940,120
3373,54940,176
3373,54940,178
3373,54940,196
1859,53177,506
1000,52643,499
1000,52643,511
2214,53794,466
2214,53794,476
2214,53794,483
8208,57430,239
8208,57430,262
3328,54964,584
3328,54964,600
3329,54970,13
1053,52468,444
2429,53799,99
2429,53799,101
2429,53799,113
2429,53799,130
2429,53799,188
3106,54738,86
3106,54738,112
2418,53794,531
1496,52883,625
1497,52886,7
1765,53466,384
574,52355,231
10262,58543,792
1501,53740,556
1501,53740,568
1501,53740,573
1501,53740,574
1501,53740,577
1501,53740,591
1501,53740,592
1501,53740,593
889,52663,287
889,52663,295
889,52663,308
1343,52790,569
1343,52790,596
9178,58081,609
3390,54945,97
1074,52937,106
740,52263,490
2627,54379,384
2627,54379,388
7405,57134,344
7405,57134,380
1161,52703,312
2697,54389,284
2697,54389,312
2697,54389,337
2697,54389,342
2697,54389,356
3121,54749,280
3121,54749,297
3121,54749,301
3121,54749,319
352,51694,532
1767,53436,458
1767,53436,470
1767,53436,531
6021,56067,91
1074,52937,255
1074,52937,264
1074,52937,265
1074,52937,266
1074,52937,278
1074,52937,289
6112,56191,347
1475,52903,321
1475,52903,350
1475,52903,351
1475,52903,365
1475,52903,395
1475,52903,406
1475,52903,407
1475,52903,412
1475,52903,433
1475,52903,441
2776,54554,43
2776,54554,136
2187,54270,72
2187,54270,100
2187,54270,127
1245,53770,41
1245,53770,48
1245,53770,49
3362,54939,624
3367,54998,2
1496,52883,34
6714,56447,936
2418,53794,296
11042,58462,126
8730,57672,76
1190,52670,442
1190,52670,473
3368,54954,358
1505,52941,517
1505,52941,522
1505,52941,548
1505,52941,554
1505,52941,559
1505,52941,567
1815,53884,102
11653,58526,72
11653,58526,117
1990,53472,393
1990,53472,403
1990,53472,405
1990,53472,406
1990,53472,432
1990,53472,433
1990,53472,435
1990,53472,444
828,52317,612
1473,52908,240
1473,52908,247
1473,52908,284
1473,52908,295
1473,52908,311
1473,52908,328
2351,53786,632
3380,54977,138
3380,54977,158
3380,54977,161
8283,57064,716
4381,55824,301
2697,54389,222
2697,54389,235
2697,54389,239
6397,56365,367
6397,56365,428
4787,55863,110
3958,55329,360
3122,54821,4
10233,58130,937
6369,56217,289
6369,56217,304
2298,53737,128
2298,53737,140
2947,54533,154
2947,54533,171
2049,53350,507
3002,54844,404
3328,54964,222
1475,52903,585
1475,52903,594
1475,52903,611
1475,52903,618
1476,52964,2
1476,52964,5
1476,52964,39
2698,54140,486
2698,54140,492
2698,54140,496
2698,54140,506
2698,54140,524
2698,54140,530
3109,54833,543
3109,54833,556
2417,53766,88
2420,54086,543
2420,54086,572
2417,53766,259
4840,55690,924
8729,57399,977
8061,58253,545
933,52642,300
3388,54947,616
3390,54945,20
3390,54945,21
11343,58430,274
8868,57781,869
1509,52942,391
1509,52942,392
1509,52942,394
1509,52942,410
1509,52942,413
1509,52942,426
1509,52942,459
1509,52942,461
1509,52942,478
1509,52942,484
1509,52942,489
1509,52942,491
1509,52942,494
1813,53903,626
582,52045,309
12547,58928,848
12547,58928,867
5356,55979,119
5356,55979,120
4572,55622,863
3123,54741,123
3123,54741,128
3123,54741,138
3123,54741,147
3123,54741,156
3123,54741,163
2430,53815,187
1992,53466,191
1992,53466,201
1992,53466,207
1992,53466,211
1992,53466,212
1992,53466,231
7236,56605,582
1475,52903,242
1475,52903,244
1475,52903,268
1475,52903,295
1475,52903,298
1475,52903,310
7290,57073,324
4787,55863,610
2089,53498,17
2089,53498,20
7317,56992,959
2399,53764,414
831,52294,117
831,52294,130
831,52294,145
831,52294,152
831,52294,210
4229,55501,136
4229,55501,188
4229,55501,190
7852,56987,737
7852,56987,793
7029,56455,235
7029,56455,256
7029,56455,296
1201,52674,437
1201,52674,456
3386,54952,423
3386,54952,437
3386,54952,440
3386,54952,478
3386,54952,501
3386,54952,504
2296,53735,273
1372,53062,63
1372,53062,90
1372,53062,122
1372,53062,142
7235,56603,313
7404,56776,564
7404,56776,606
1050,52721,613
2085,53379,179
2085,53379,207
2085,53379,212
4508,55600,30
4508,55600,34
1495,52944,375
1495,52944,416
1495,52944,425
1803,54152,162
1803,54152,169
7315,56685,944
11045,58485,810
882,52370,632
1507,53763,400
1507,53763,403
1507,53763,422
1507,53763,427
1507,53763,439
1507,53763,456
1507,53763,461
1507,53763,472
1507,53763,484
1507,53763,486
2798,54397,56
2798,54397,60
2798,54397,69
580,52368,424
740,52263,362
740,52263,377
2946,54506,439
2946,54506,454
6020,56087,188
3327,54951,221
1474,52933,110
1474,52933,122
1474,52933,123
1474,52933,140
1474,52933,151
1474,52933,160
1474,52933,164
1474,52933,197
2398,53768,256
791,52435,608
7851,56932,989
7289,57039,944
7289,57039,946
7289,57039,950
1108,53227,496
1497,52886,631
1074,52937,570
1074,52937,585
1074,52937,601
1074,52937,603
1074,52937,604
765,52254,119
4976,56046,250
5486,56030,449
2417,53766,397
3105,54825,532
3105,54825,536
3105,54825,553
2109,53468,523
4565,55591,704
2747,54233,243
3121,54749,46
3121,54749,81
3121,54749,82
1198,52669,337
1195,52724,567
8868,57781,462
8868,57781,467
9368,57817,608
2624,54380,213
2085,53379,234
2085,53379,248
4471,55617,92
7288,57039,854
7638,56981,706
6721,56398,182
12547,58928,526
2797,54616,590
2797,54616,610
2798,54397,8
2798,54397,16
7673,57329,944
437,51876,620
2656,54484,567
5406,55955,417
7235,56603,655
267,51608,243
3121,54749,123
8283,57064,790
6323,56189,843
6323,56189,846
7289,57039,887
1926,53317,41
2560,54205,100
2560,54205,144
2560,54205,157
2560,54205,161
6659,56607,526
8755,58138,466
6409,56306,256
5795,56298,640
1581,53149,324
1581,53149,344
1581,53149,350
1581,53149,375
1581,53149,381
1581,53149,382
353,51703,52
353,51703,74
353,51703,145
353,51703,154
765,52254,309
2948,54553,424
2948,54553,430
2948,54553,448
2948,54553,457
2948,54553,466
2948,54553,470
2629,54087,233
2629,54087,235
2629,54087,246
2629,54087,268
2629,54087,278
2629,54087,288
2629,54087,309
1816,53919,389
1816,53919,395
1816,53919,497
7644,57327,520
2727,54414,15
5794,56282,106
3106,54738,72
1496,52883,486
2418,53794,447
2418,53794,477
7329,56719,164
1808,54176,266
1808,54176,272
3111,54800,458
1813,53903,324
7452,56745,210
5801,56328,838
2086,53401,103
1201,52674,198
1201,52674,238
12545,58930,173
2627,54379,479
2627,54379,537
2627,54379,538
2627,54379,568
1108,53227,386
1108,53227,400
1108,53227,414
1108,53227,430
1108,53227,435
1108,53227,447
1108,53227,459
276,51909,402
276,51909,406
276,51909,416
2121,54180,573
2121,54180,599
2121,54180,619
2121,54180,621
2121,54180,624
2121,54180,627
2122,54178,19
1815,53884,50
1475,52903,84
1475,52903,138
1475,52903,145
1475,52903,147
1475,52903,154
1475,52903,163
1475,52903,185
2088,53493,338
2088,53493,431
4627,55626,550
5048,56218,550
8433,57488,294
471,51924,373
471,51924,377
471,51924,422
471,51924,437
1245,53770,92
1245,53770,93
1245,53770,97
1245,53770,100
1245,53770,106
1245,53770,108
1245,53770,111
1245,53770,112
1245,53770,120
1245,53770,123
1245,53770,124
1245,53770,125
1245,53770,129
1245,53770,134
1188,52650,455
3362,54939,521
3362,54939,536
3362,54939,538
5793,56337,840
2418,53794,378
2418,53794,401
9171,58068,110
2624,54380,387
1372,53062,161
1372,53062,206
7288,57039,991
7288,57039,993
278,51900,30
10723,58287,990
892,52378,235
3115,54793,506
3115,54793,521
3115,54793,533
3115,54793,540
1197,52668,207
1197,52668,234
713,52178,195
2297,53738,474
2297,53738,518
2266,53679,491
2266,53679,507
2266,53679,538
2266,53679,545
2266,53679,564
2266,53679,575
3292,54943,582
2266,53679,597
2266,53679,626
2267,53713,67
1498,52914,3
1498,52914,15
1498,52914,29
1498,52914,32
1498,52914,45
1498,52914,52
1498,52914,57
1498,52914,74
1498,52914,77
7637,56933,154
4075,55352,642
4075,55352,646
4075,55352,658
3293,54921,601
3293,54921,616
3293,54921,618
3293,54921,619
3294,54918,36
3294,54918,41
3294,54918,57
1954,53357,117
1954,53357,130
1954,53357,148
1954,53357,211
1954,53357,223
1677,53148,144
1677,53148,146
4200,55499,768
7259,56603,287
7259,56603,293
7259,56603,307
7259,56603,313
7259,56603,317
7259,56603,319
7259,56603,322
7259,56603,325
7259,56603,327
3329,54970,105
8285,57048,582
11653,58526,854
3106,54738,235
3367,54998,516
1190,52670,87
3362,54939,118
3362,54939,153
3362,54939,162
3373,54940,596
582,52045,68
582,52045,102
1244,52674,1
1244,52674,5
1244,52674,8
1244,52674,10
1244,52674,12
1244,52674,14
1244,52674,18
1244,52674,22
1244,52674,25
7034,56564,374
888,52339,601
889,52663,1
1709,53533,197
2297,53738,230
2297,53738,263
1676,53147,16
7422,56799,222
7422,56799,320
7422,56799,322
511,52636,148
2087,53415,226
12527,58930,811
12527,58930,848
12527,58930,874
2419,54139,559
8175,57039,714
1508,52944,344
1508,52944,350
1508,52944,351
1508,52944,358
1508,52944,361
1508,52944,373
1508,52944,375
1508,52944,382
1508,52944,384
1508,52944,391
8207,57431,954
2214,53794,171
2214,53794,216
2560,54205,304
7423,57135,195
7423,57135,232
1993,53762,49
2948,54553,127
2948,54553,151
2948,54553,155
2948,54553,198
2948,54553,218
2948,54553,219
2948,54553,226
2050,53401,569
2050,53401,611
2698,54140,592
7423,57135,375
7423,57135,412
2323,54380,142
2323,54380,153
2323,54380,161
471,51924,498
471,51924,514
471,51924,541
471,51924,545
827,52312,400
827,52312,435
509,52374,121
1497,52886,296
3106,54738,587
9171,58068,760
9171,58068,766
1190,52670,639
2111,53467,630
891,52584,220
891,52584,224
2422,54096,444
2422,54096,465
1501,53740,440
1501,53740,462
1501,53740,480
1501,53740,491
1501,53740,523
3122,54821,421
3122,54821,464
3122,54821,481
3122,54821,498
3122,54821,507
3122,54821,511
3380,54977,463
3380,54977,465
4758,55682,464
1373,53063,166
1373,53063,192
1473,52908,610
1473,52908,618
1473,52908,628
1473,52908,637
1474,52933,55
1474,52933,79
1108,53227,288
1108,53227,298
1108,53227,310
1108,53227,338
2111,53467,596
10726,58199,520
2749,54241,265
2169,53556,121
1907,53315,419
1907,53315,421
1907,53315,428
1907,53315,443
1907,53315,446
1907,53315,460
1907,53315,465
7097,56667,172
742,52263,138
1396,53112,102
1396,53112,104
1396,53112,116
1396,53112,124
1396,53112,132
2657,54502,324
2657,54502,329
5132,55858,834
7290,57073,692
7290,57073,696
2657,54502,408
2657,54502,424
2657,54502,425
2657,54502,427
2657,54502,428
2657,54502,440
2657,54502,457
2657,54502,461
2657,54502,468
2657,54502,478
2657,54502,501
2699,54414,216
5179,55957,616
10227,58224,620
8276,57067,668
10722,58281,144
3388,54947,376
3388,54947,379
3388,54947,402
12533,58931,542
7030,56448,644
6396,56358,936
1107,52968,372
1107,52968,389
1107,52968,444
1107,52968,456
10234,58153,932
2086,53401,368
2086,53401,371
2086,53401,411
2086,53401,419
2086,53401,423
2086,53401,438
2086,53401,450
2086,53401,459
2086,53401,467
6397,56365,101
1107,52968,536
1107,52968,553
3121,54749,246
1767,53436,15
1199,52703,105
2728,54416,479
10233,58130,793
10233,58130,888
893,52589,43
11401,58491,632
2628,54326,353
2628,54326,363
2628,54326,378
2628,54326,383
3328,54964,17
3328,54964,20
3328,54964,45
3328,54964,59
3328,54964,62
3328,54964,77
3328,54964,100
7405,57134,958
2948,54553,46
2948,54553,62
2948,54553,80
2948,54553,87
2298,53737,556
2298,53737,585
2298,53737,612
2298,53737,627
1053,52468,166
1053,52468,219
3293,54921,585
3293,54921,587
2089,53498,79
2089,53498,84
2353,53794,620
2353,53794,621
2353,53794,624
2353,53794,628
2353,53794,632
2353,53794,635
2354,53799,6
792,52353,428
3110,54747,5
1476,52964,320
1476,52964,324
1476,52964,328
1802,53885,571
12525,58932,600
12525,58932,604
12525,58932,627
12525,58932,630
3362,54939,463
2724,54616,465
3380,54977,244
3380,54977,248
3380,54977,258
3121,54749,132
3121,54749,133
3121,54749,136
1507,53763,26
1507,53763,37
1507,53763,43
1507,53763,72
1507,53763,73
1507,53763,78
895,52581,67
895,52581,96
8869,57481,292
11651,58511,418
3121,54749,427
3121,54749,430
3121,54749,435
3121,54749,439
3121,54749,447
3121,54749,448
3121,54749,458
3121,54749,466
3121,54749,472
1201,52674,356
1201,52674,375
7386,56769,72
7386,56769,81
8285,57048,93
6964,56748,580
792,52353,236
792,52353,259
2697,54389,480
2697,54389,485
2697,54389,515
3002,54844,59
512,51992,625
512,51992,630
327,52294,355
1992,53466,638
1992,53466,640
4382,55742,353
1768,53442,81
1768,53442,139
6048,56072,398
4200,55499,521
439,51877,273
7290,57073,830
1433,53035,340
1074,52937,609
1074,52937,626
1074,52937,631
1074,52937,636
1075,52933,26
1075,52933,73
1075,52933,77
2089,53498,585
2089,53498,605
2089,53498,610
2090,53463,29
2090,53463,31
2090,53463,36
2090,53463,37
793,52370,76
793,52370,105
6110,56279,804
3109,54833,599
3109,54833,616
3109,54833,623
8280,57061,196
6717,56397,946
2425,54139,185
2425,54139,193
2425,54139,201
2425,54139,206
3380,54977,601
3380,54977,603
3380,54977,604
1509,52942,215
1509,52942,231
3390,54945,438
3390,54945,478
3390,54945,479
3390,54945,481
5068,55749,371
7405,57134,19
7877,56898,959
5162,55893,184
5162,55893,190
2728,54416,225
2728,54416,236
7316,56710,864
7316,56710,953
7316,56710,954
3123,54741,179
3123,54741,191
3123,54741,192
3123,54741,196
3123,54741,200
3123,54741,243
3123,54741,246
3123,54741,248
3123,54741,249
3123,54741,250
3123,54741,260
3388,54947,277
1052,52466,524
1052,52466,529
6397,56365,885
6397,56365,908
3109,54833,201
3109,54833,204
3109,54833,223
3109,54833,244
3109,54833,264
3109,54833,285
7317,56992,808
607,52368,169
607,52368,185
607,52368,227
2729,54419,409
3690,55182,314
1710,53504,251
1710,53504,325
3329,54970,65
2699,54414,336
2699,54414,352
2699,54414,359
2699,54414,377
2699,54414,379
2354,53799,222
2354,53799,224
2354,53799,235
8527,57897,676
7259,56603,407
7259,56603,409
7259,56603,414
3362,54939,77
3362,54939,79
7635,56979,138
7635,56979,148
7635,56979,167
12525,58932,974
5487,55982,2
4839,55703,962
2084,53360,499
2084,53360,513
2084,53360,553
2084,53360,574
2084,53360,593
2084,53360,608
1507,53763,204
1507,53763,216
1507,53763,242
1507,53763,244
1507,53763,248
1507,53763,256
4841,55895,386
7289,57039,61
7639,57297,693
11634,58484,273
7674,57359,57
5798,56326,874
