plate,mjd,fiberid
893,52589,234
893,52589,260
893,52589,272
1473,52908,3
1473,52908,23
1473,52908,24
1473,52908,25
1473,52908,42
1473,52908,108
7032,56471,346
7032,56471,350
3384,54948,119
12544,58928,719
1510,52992,116
1510,52992,122
1510,52992,144
1510,52992,150
1510,52992,151
11344,58438,370
3326,54943,524
3326,54943,542
3326,54943,563
3326,54943,588
7583,56958,309
7583,56958,370
1430,53002,520
2351,53786,635
2351,53786,636
8060,57894,232
12545,58930,254
7034,56564,773
10233,58130,464
1244,52674,140
1244,52674,142
1244,52674,153
1244,52674,154
1244,52674,158
1244,52674,159
1244,52674,161
1244,52674,164
1244,52674,167
1244,52674,171
1244,52674,174
1244,52674,175
1244,52674,176
1244,52674,179
1244,52674,180
1244,52674,181
1244,52674,189
1244,52674,190
1244,52674,191
1244,52674,193
1244,52674,194
1244,52674,195
1244,52674,198
1244,52674,200
1244,52674,206
1244,52674,207
1244,52674,209
1244,52674,218
1244,52674,219
1244,52674,222
1244,52674,223
1244,52674,227
1244,52674,230
1244,52674,231
1244,52674,233
1244,52674,234
1244,52674,235
1244,52674,243
1244,52674,249
7084,56624,565
3387,54951,542
3367,54998,38
3367,54998,42
3367,54998,48
3367,54998,85
1990,53472,20
1990,53472,26
1990,53472,58
6294,56482,362
1499,53001,380
1499,53001,381
1499,53001,387
1499,53001,388
1499,53001,391
1499,53001,403
1499,53001,405
1499,53001,409
1499,53001,426
1499,53001,430
1499,53001,431
2427,53815,184
2117,54115,139
2425,54139,105
2085,53379,497
11397,58522,878
3375,55003,616
3375,55003,621
3375,55003,637
3377,54950,8
3377,54950,16
4569,55631,392
3114,54773,301
3114,54773,315
3114,54773,319
3114,54773,324
3114,54773,334
3114,54773,340
8736,57400,728
2627,54379,149
2627,54379,160
2627,54379,195
2627,54379,200
740,52263,226
2697,54389,21
2697,54389,33
2697,54389,37
2697,54389,77
2697,54389,87
2697,54389,90
2697,54389,95
2697,54389,101
6397,56365,261
6323,56189,411
438,51884,193
12527,58930,756
2087,53415,108
2087,53415,113
2087,53415,119
2087,53415,158
2087,53415,164
2087,53415,202
1473,52908,484
1473,52908,502
1473,52908,507
1473,52908,508
1473,52908,514
1473,52908,524
1473,52908,551
1473,52908,563
1473,52908,591
1473,52908,596
1925,53327,583
1925,53327,613
1925,53327,626
3122,54821,244
1495,52944,90
1495,52944,106
1495,52944,108
1495,52944,119
7635,56979,280
3106,54738,176
3106,54738,182
3106,54738,183
3106,54738,187
1050,52721,557
3109,54833,157
3109,54833,183
10757,58223,664
2427,53815,538
11343,58430,163
9174,58070,673
3326,54943,615
3327,54951,24
3327,54951,58
7405,57134,138
7405,57134,151
7405,57134,154
5130,55835,988
1394,53108,539
1394,53108,541
1394,53108,583
1991,53446,312
1991,53446,316
1991,53446,331
1991,53446,332
1991,53446,345
1991,53446,353
1991,53446,354
1991,53446,358
1052,52466,35
7317,56992,72
1766,53468,489
11401,58491,425
11401,58491,430
1244,52674,254
1244,52674,256
1244,52674,262
1244,52674,264
1244,52674,265
1244,52674,279
1244,52674,280
1244,52674,281
1244,52674,285
1244,52674,294
1244,52674,296
1244,52674,297
1244,52674,304
1244,52674,307
1244,52674,310
1244,52674,319
1244,52674,320
1244,52674,323
1244,52674,325
1244,52674,327
1244,52674,330
1244,52674,333
1244,52674,334
1244,52674,335
1244,52674,339
1244,52674,340
1244,52674,345
1244,52674,354
1244,52674,355
1244,52674,359
1244,52674,362
10758,58220,568
10739,58255,790
11069,58456,909
1802,53885,63
1188,52650,4
7329,56719,322
7028,56449,119
7029,56455,337
5471,56034,54
7315,56685,452
266,51630,64
7330,56684,780
7328,56715,563
3105,54825,583
3105,54825,589
3105,54825,601
3677,55205,502
1510,52992,164
1510,52992,166
1510,52992,169
1510,52992,176
1510,52992,194
1510,52992,197
1510,52992,204
1510,52992,206
1510,52992,217
1510,52992,223
1510,52992,231
1510,52992,266
7316,56710,591
7316,56710,593
7316,56710,597
3387,54951,319
3387,54951,321
3387,54951,365
2297,53738,367
2297,53738,375
2297,53738,395
2594,54177,177
2594,54177,192
2594,54177,194
2594,54177,195
2594,54177,198
11042,58462,644
2749,54241,122
2749,54241,123
3387,54951,556
3387,54951,560
11401,58491,294
1052,52466,413
792,52353,152
1244,52674,369
1244,52674,372
1244,52674,375
1244,52674,378
1244,52674,379
1244,52674,383
1244,52674,395
1244,52674,396
1244,52674,397
1244,52674,408
1244,52674,409
1244,52674,413
1244,52674,414
1244,52674,419
1244,52674,425
1244,52674,426
1244,52674,445
1244,52674,446
1244,52674,447
1244,52674,448
1244,52674,452
1244,52674,453
1244,52674,455
1244,52674,457
1244,52674,464
8061,58253,451
5793,56337,18
5793,56337,34
827,52312,582
3375,55003,458
3375,55003,460
3375,55003,463
3375,55003,487
7639,57297,265
12525,58932,422
4840,55690,564
828,52317,380
2797,54616,513
3110,54747,386
12533,58931,827
2423,54149,307
2696,54167,325
2696,54167,350
2696,54167,352
2696,54167,384
2696,54167,390
2696,54167,392
2431,53818,26
829,52296,269
829,52296,273
7316,56710,637
2427,53815,67
7236,56605,122
1052,52466,55
1052,52466,156
7761,58071,776
1953,53358,38
5437,55973,122
5437,55973,124
1199,52703,139
1199,52703,147
1199,52703,168
892,52378,65
892,52378,172
2427,53815,391
2427,53815,392
2427,53815,410
10721,58288,820
3226,54857,561
3226,54857,625
3226,54857,637
3227,54893,1
893,52589,91
893,52589,112
3388,54947,80
3388,54947,105
9177,58044,888
4075,55352,292
1676,53147,276
1676,53147,280
1676,53147,312
1676,53147,328
1676,53147,333
1676,53147,338
1676,53147,352
1676,53147,357
1676,53147,362
1676,53147,380
1676,53147,382
3247,54888,78
3247,54888,84
3247,54888,96
3247,54888,124
3247,54888,131
3247,54888,163
6369,56217,677
6369,56217,715
7236,56605,652
1473,52908,130
1473,52908,160
1473,52908,175
1473,52908,222
7315,56685,339
7315,56685,359
7315,56685,384
3112,54802,307
2116,53854,41
2420,54086,602
8276,57067,331
2429,53799,431
7332,56683,43
1394,53108,443
1735,53035,384
1735,53035,416
1735,53035,441
267,51608,290
2087,53415,4
2087,53415,32
2087,53415,38
2087,53415,74
2087,53415,76
5047,55833,936
8432,57834,866
8432,57834,969
1474,52933,507
1474,52933,508
1474,52933,548
1474,52933,565
2088,53493,173
6397,56365,824
6397,56365,849
7852,56987,252
1498,52914,137
1498,52914,152
1498,52914,154
1498,52914,187
1498,52914,194
1498,52914,201
1498,52914,207
1498,52914,210
1498,52914,228
2826,54389,100
3188,54831,485
3188,54831,498
1244,52674,477
1244,52674,478
1244,52674,480
1244,52674,490
1244,52674,491
1244,52674,493
1244,52674,494
1244,52674,499
1244,52674,506
1244,52674,509
1244,52674,516
1244,52674,522
1244,52674,523
1244,52674,525
1244,52674,527
1244,52674,530
1244,52674,537
1244,52674,538
1244,52674,540
1244,52674,541
1244,52674,542
1244,52674,553
1244,52674,555
1244,52674,558
1244,52674,562
1244,52674,564
1244,52674,569
2727,54414,196
2418,53794,144
2418,53794,161
2418,53794,163
2418,53794,167
3367,54998,423
3106,54738,263
10228,58223,273
4840,55690,263
1505,52941,395
1505,52941,402
1505,52941,412
1505,52941,420
1505,52941,453
1505,52941,477
1505,52941,495
1505,52941,508
1197,52668,503
1499,53001,197
1499,53001,199
1499,53001,203
1499,53001,224
1499,53001,230
1499,53001,243
1499,53001,254
933,52642,78
8057,57190,434
1501,53740,319
1501,53740,332
3377,54950,314
3377,54950,320
1509,52942,139
1509,52942,144
1509,52942,158
584,52049,139
4198,55480,891
7422,56799,136
7235,56603,790
7235,56603,869
6397,56365,361
6627,56369,118
7636,56989,804
2749,54241,529
2749,54241,565
3121,54749,562
3121,54749,574
2214,53794,85
2214,53794,126
2560,54205,212
2560,54205,213
2560,54205,229
2560,54205,250
2560,54205,278
2560,54205,287
2560,54205,299
2323,54380,8
2323,54380,23
1074,52937,378
1074,52937,382
1074,52937,388
1074,52937,394
1074,52937,399
1074,52937,407
1074,52937,417
1074,52937,419
1074,52937,428
2628,54326,402
2628,54326,409
2628,54326,414
2628,54326,435
2628,54326,458
2628,54326,496
2628,54326,500
8285,57048,391
3390,54945,305
3390,54945,361
3650,55244,342
3105,54825,38
3105,54825,49
11649,58514,966
1495,52944,433
1495,52944,439
1495,52944,455
1495,52944,470
1495,52944,471
7315,56685,684
7315,56685,784
12533,58931,249
3367,54998,170
3367,54998,199
7328,56715,722
4007,55327,208
1580,53145,493
1580,53145,528
1580,53145,562
1580,53145,565
1580,53145,568
3112,54802,202
3112,54802,217
3112,54802,228
1501,53740,253
1501,53740,257
1501,53740,267
1501,53740,277
1501,53740,307
3121,54749,334
3121,54749,346
3121,54749,348
3121,54749,350
3121,54749,358
3121,54749,387
2428,53801,58
2428,53801,66
2428,53801,84
2428,53801,106
2428,53801,110
2428,53801,113
2428,53801,115
2429,53799,555
2429,53799,584
2429,53799,590
764,52238,542
764,52238,547
764,52238,598
2946,54506,469
1709,53533,225
2297,53738,296
8526,57898,309
2111,53467,546
830,52293,319
3387,54951,24
3387,54951,58
3387,54951,60
3387,54951,64
9153,58022,228
2560,54205,320
2560,54205,333
2560,54205,349
2560,54205,368
2560,54205,374
2560,54205,384
2560,54205,406
2560,54205,407
5335,56013,430
975,52411,418
975,52411,488
2418,53794,67
2418,53794,99
2418,53794,120
2296,53735,117
7235,56603,175
7235,56603,230
884,52374,132
1191,52674,52
1191,52674,55
3110,54747,123
3110,54747,128
3110,54747,130
3110,54747,133
3110,54747,134
3114,54773,483
3114,54773,505
3114,54773,512
8871,57519,82
3387,54951,435
3387,54951,439
3387,54951,460
3387,54951,464
3387,54951,477
3387,54951,478
1508,52944,50
1508,52944,69
1508,52944,89
1508,52944,99
1509,52942,8
1509,52942,12
1509,52942,27
1509,52942,33
1509,52942,38
1509,52942,52
1509,52942,62
1509,52942,64
1509,52942,65
1509,52942,70
1509,52942,73
1509,52942,74
1509,52942,80
1509,52942,117
1509,52942,124
1815,53884,418
1815,53884,427
1815,53884,449
7405,57134,239
7405,57134,261
7405,57134,271
7405,57134,276
7405,57134,302
7405,57134,328
7405,57134,332
7289,57039,573
2087,53415,232
2087,53415,257
2087,53415,318
893,52589,500
2121,54180,464
2121,54180,467
2121,54180,483
2121,54180,487
2121,54180,498
2121,54180,519
2121,54180,526
2121,54180,543
2121,54180,545
2121,54180,549
2121,54180,561
4228,55484,889
1074,52937,460
1074,52937,467
1074,52937,481
2110,53467,398
9170,58048,986
3367,54998,547
3367,54998,556
3105,54825,143
1990,53472,355
1990,53472,370
1990,53472,378
1990,53472,380
1107,52968,128
1107,52968,142
1107,52968,157
1107,52968,165
1107,52968,168
8871,57519,757
12527,58930,159
8175,57039,373
1509,52942,264
1509,52942,271
1509,52942,274
1509,52942,277
1509,52942,298
1509,52942,301
1509,52942,304
1509,52942,312
1509,52942,339
1509,52942,346
1509,52942,350
1509,52942,357
1509,52942,369
277,51908,372
277,51908,412
8281,57042,908
5047,55833,448
2123,53793,260
2123,53793,261
7644,57327,159
7644,57327,260
740,52263,595
2915,54497,384
2915,54497,392
6627,56369,542
6369,56217,59
1507,53763,88
1507,53763,100
1507,53763,107
1507,53763,115
1507,53763,119
1507,53763,120
1507,53763,125
1507,53763,128
1507,53763,154
1507,53763,162
1507,53763,167
1507,53763,184
1507,53763,188
1507,53763,197
1507,53763,200
1374,53083,260
3328,54964,116
3328,54964,121
3328,54964,157
3328,54964,207
3328,54964,214
439,51877,163
439,51877,168
1074,52937,490
1074,52937,496
1074,52937,504
1074,52937,517
1074,52937,530
1074,52937,535
1074,52937,540
1074,52937,542
882,52370,112
1495,52944,136
1495,52944,151
1495,52944,152
1495,52944,170
1495,52944,181
1495,52944,185
1495,52944,189
1495,52944,195
1495,52944,197
1495,52944,203
1495,52944,205
1495,52944,214
3110,54747,544
3110,54747,548
3110,54747,559
3110,54747,561
3110,54747,563
10230,58224,146
2742,54233,37
1506,53003,492
1506,53003,496
1506,53003,509
1506,53003,531
4571,55629,116
4571,55629,118
12547,58928,74
2624,54380,492
1372,53062,343
7583,56958,29
7583,56958,35
7289,57039,184
2696,54167,208
2696,54167,219
2696,54167,254
2696,54167,290
2418,53794,630
2418,53794,639
12545,58930,31
3115,54793,600
3115,54793,605
12545,58930,91
3384,54948,400
3384,54948,402
3384,54948,417
3384,54948,424
3386,54952,536
3386,54952,538
3386,54952,540
3386,54952,545
2121,54180,209
2121,54180,228
3121,54749,476
3121,54749,478
3121,54749,481
3121,54749,482
3121,54749,485
3121,54749,487
3121,54749,494
11343,58430,644
7422,56799,647
7422,56799,662
7422,56799,670
512,51992,426
5474,56036,78
5474,56036,112
2697,54389,527
2697,54389,563
5162,55893,946
1475,52903,71
1191,52674,382
1805,53875,498
2799,54368,343
581,52356,310
274,51913,101
3106,54738,591
3106,54738,603
3106,54738,617
1804,53886,313
3115,54793,453
3115,54793,464
3115,54793,473
3115,54793,482
3115,54793,498
7761,58071,123
3326,54943,276
3326,54943,313
3387,54951,383
3387,54951,385
3387,54951,417
3387,54951,422
3387,54951,423
1244,52674,28
1244,52674,32
1244,52674,34
1244,52674,35
1244,52674,51
1244,52674,54
1244,52674,58
1244,52674,59
1244,52674,65
1244,52674,70
1244,52674,72
1244,52674,76
1244,52674,79
1244,52674,80
1244,52674,82
1244,52674,83
1244,52674,85
1244,52674,87
1244,52674,89
1244,52674,90
1244,52674,97
1244,52674,99
1244,52674,100
1244,52674,101
1244,52674,102
1244,52674,125
1244,52674,126
1244,52674,129
1244,52674,134
1244,52674,136
1244,52674,137
1244,52674,139
304,51609,288
2425,54139,463
3390,54945,177
3390,54945,181
3390,54945,221
2427,53815,458
2594,54177,266
2594,54177,323
2947,54533,218
6369,56217,407
6369,56217,432
7879,57359,102
2697,54389,603
2697,54389,619
2698,54140,11
2698,54140,34
2698,54140,58
10431,58137,115
1264,52707,162
7674,57359,501
7674,57359,516
2826,54389,117
2826,54389,124
3105,54825,302
3105,54825,304
3105,54825,314
3105,54825,325
1188,52650,271
881,52368,487
4873,55926,64
3368,54954,455
7329,56719,766
2624,54380,315
2624,54380,324
2427,53815,45
2427,53815,48
2427,53815,50
1506,53003,64
1506,53003,67
1506,53003,75
1506,53003,79
1506,53003,81
1506,53003,91
1506,53003,96
1506,53003,103
2750,54242,146
1430,53002,348
7289,57039,120
890,52583,9
890,52583,40
890,52583,60
3384,54948,345
4877,55707,300
7674,57359,214
1506,53003,428
1506,53003,429
1506,53003,439
1506,53003,456
1506,53003,464
1506,53003,467
1506,53003,468
1506,53003,469
1506,53003,476
2427,53815,193
2427,53815,195
2427,53815,201
2427,53815,206
2427,53815,209
2428,53801,361
2428,53801,430
4007,55327,676
4007,55327,680
7386,56769,233
7259,56603,11
7259,56603,15
1052,52466,452
1052,52466,474
6369,56217,550
6369,56217,558
6369,56217,583
6369,56217,635
6369,56217,638
1052,52466,613
1053,52468,10
1053,52468,31
2698,54140,201
2698,54140,206
2698,54140,261
2698,54140,298
1395,52825,414
3109,54833,321
3109,54833,337
3109,54833,382
3109,54833,396
3109,54833,408
916,52378,474
2120,53852,392
1507,53763,264
1507,53763,271
1507,53763,279
1507,53763,315
1507,53763,334
1507,53763,381
1507,53763,386
1803,54152,203
3367,54998,202
3367,54998,225
3367,54998,244
2728,54416,597
884,52374,246
884,52374,258
884,52374,271
10229,58441,102
3373,54940,42
3373,54940,68
3386,54952,363
3386,54952,364
3386,54952,377
7642,57651,122
1501,53740,7
1501,53740,27
1501,53740,48
1501,53740,49
1051,52468,398
1372,53062,431
1372,53062,433
1372,53062,436
1372,53062,440
2696,54167,451
2696,54167,468
2696,54167,482
6323,56189,138
6408,56329,329
1497,52886,80
1497,52886,90
1497,52886,95
1497,52886,112
1497,52886,119
1497,52886,121
1497,52886,156
1497,52886,191
933,52642,365
933,52642,445
1859,53177,364
