plate,mjd,fiberid
5490,56003,838
740,52263,439
713,52178,257
713,52178,265
713,52178,276
7289,57039,704
7289,57039,748
7830,57043,498
8730,57672,694
8730,57672,725
5799,56325,868
1497,52886,527
1497,52886,539
1497,52886,549
1497,52886,568
1497,52886,588
1497,52886,594
1497,52886,601
1497,52886,614
1497,52886,618
3293,54921,363
2298,53737,418
2298,53737,432
2298,53737,472
2298,53737,495
2298,53737,504
2298,53737,516
2595,54207,118
2595,54207,179
2595,54207,183
2916,54507,267
2112,53534,576
830,52293,627
830,52293,634
830,52293,638
831,52294,45
1907,53315,587
2214,53794,537
2214,53794,539
2214,53794,544
2214,53794,546
2214,53794,624
3294,54918,298
3294,54918,319
3294,54918,377
3294,54918,379
3121,54749,12
3121,54749,13
3121,54749,16
3121,54749,29
3374,54948,81
3374,54948,85
3374,54948,104
3374,54948,124
3384,54948,159
3384,54948,164
3384,54948,165
580,52368,173
2296,53735,434
1708,53503,358
1509,52942,504
1509,52942,523
1509,52942,525
1509,52942,529
1509,52942,530
1509,52942,531
1509,52942,534
1509,52942,540
1509,52942,548
2696,54167,306
2696,54167,308
3380,54977,399
1197,52668,164
1197,52668,179
1197,52668,183
890,52583,213
890,52583,236
2121,54180,81
2121,54180,113
2121,54180,115
2121,54180,117
2121,54180,165
2121,54180,167
2121,54180,178
2121,54180,200
1580,53145,605
1581,53149,5
1581,53149,21
1581,53149,27
1581,53149,57
1676,53147,173
1676,53147,180
1676,53147,193
1676,53147,238
1676,53147,243
1676,53147,247
1676,53147,256
1676,53147,272
3293,54921,39
3293,54921,123
5991,56076,489
1736,53052,88
1074,52937,145
1074,52937,151
1074,52937,153
1074,52937,160
1074,52937,184
1074,52937,194
1074,52937,197
1074,52937,212
1074,52937,222
1074,52937,250
3327,54951,537
3327,54951,539
3327,54951,580
3327,54951,599
1313,52790,210
8303,57805,96
2215,53793,178
2215,53793,195
9546,57864,453
7328,56715,444
1188,52650,401
3362,54939,562
3362,54939,563
3362,54939,565
3362,54939,600
1497,52886,19
1497,52886,20
1497,52886,30
1497,52886,32
1497,52886,62
2728,54416,82
2728,54416,110
3106,54738,370
11042,58462,476
6115,56237,399
3387,54951,117
3387,54951,119
3387,54951,141
11051,58510,140
3170,54859,528
3170,54859,542
2486,53876,599
3122,54821,372
1501,53740,530
1501,53740,540
1073,52649,439
1073,52649,443
1073,52649,448
1073,52649,454
1073,52649,461
1073,52649,464
1073,52649,472
1073,52649,473
1073,52649,490
1073,52649,541
1051,52468,490
7583,56958,622
470,51929,116
470,51929,224
2352,53770,166
4572,55622,952
7405,57134,708
3293,54921,199
3293,54921,200
3293,54921,259
2353,53794,249
7830,57043,711
1395,52825,154
1395,52825,156
1395,52825,194
1498,52914,353
1498,52914,355
1498,52914,358
1498,52914,379
1498,52914,400
1498,52914,402
1498,52914,405
1498,52914,410
1498,52914,411
1498,52914,416
1498,52914,426
1498,52914,442
1498,52914,443
1498,52914,452
1498,52914,455
1498,52914,459
1498,52914,461
884,52374,505
2859,54570,72
7737,57722,462
714,52201,81
714,52201,85
3386,54952,241
3386,54952,259
3386,54952,299
3386,54952,343
2746,54232,621
2747,54233,99
1050,52721,380
7235,56603,64
7235,56603,85
739,52520,424
11633,58463,290
7315,56685,539
7315,56685,540
2747,54233,328
2421,54153,236
9549,57807,6
2914,54533,589
1200,52668,621
1201,52674,23
3122,54821,309
3122,54821,351
3122,54821,359
4074,55679,156
1073,52649,545
1073,52649,546
1073,52649,547
1073,52649,551
1073,52649,564
1073,52649,571
1073,52649,577
1073,52649,580
1073,52649,582
1073,52649,604
1073,52649,608
1073,52649,611
1073,52649,612
1073,52649,620
1073,52649,625
574,52355,391
1473,52908,377
1473,52908,379
1473,52908,399
1473,52908,416
1473,52908,417
1473,52908,425
1473,52908,432
1473,52908,466
1506,53003,605
1506,53003,607
1506,53003,614
1506,53003,635
1507,53763,8
1507,53763,10
2747,54233,374
2747,54233,402
893,52589,530
893,52589,537
2886,54498,442
2858,54498,554
11113,58425,610
3227,54893,100
3227,54893,118
663,52145,453
10288,58131,57
4361,55831,414
4361,55831,472
7237,56662,241
7237,56662,271
2595,54207,402
2595,54207,423
2169,53556,494
2169,53556,520
2169,53556,582
1495,52944,555
1495,52944,569
1495,52944,578
1495,52944,579
1495,52944,611
882,52370,18
882,52370,38
3110,54747,167
3110,54747,218
3110,54747,221
6716,56401,846
1708,53503,127
7315,56685,829
7315,56685,836
7315,56685,842
2351,53786,567
2351,53786,572
4227,55481,616
4295,55858,211
2115,53535,60
8733,58396,756
5355,56009,285
2946,54506,363
2946,54506,376
1991,53446,273
1991,53446,282
1991,53446,284
7452,56745,662
1074,52937,37
1074,52937,38
1074,52937,49
1074,52937,75
1074,52937,77
1074,52937,78
1497,52886,424
1497,52886,446
2398,53768,160
2398,53768,180
2398,53768,213
830,52293,104
3121,54749,182
3121,54749,183
3121,54749,184
3121,54749,189
3121,54749,200
3121,54749,206
2749,54241,151
1992,53466,250
1992,53466,254
1992,53466,277
1992,53466,295
1992,53466,298
1992,53466,316
1992,53466,325
2628,54326,206
1162,52668,11
1162,52668,39
1162,52668,74
916,52378,281
916,52378,286
916,52378,296
3589,55186,232
8858,57450,23
2323,54380,270
2323,54380,278
2323,54380,281
2323,54380,319
2323,54380,350
765,52254,417
2948,54553,488
2948,54553,512
2948,54553,515
2948,54553,517
881,52368,263
881,52368,311
7027,56448,289
12545,58930,801
12545,58930,804
8734,57642,554
1504,52940,245
1504,52940,259
2422,54096,57
3388,54947,463
8284,57419,456
3388,54947,482
3388,54947,484
3388,54947,558
3388,54947,561
7405,57134,196
1991,53446,135
1991,53446,147
1991,53446,189
1991,53446,195
1991,53446,205
2397,53763,555
2397,53763,582
2398,53768,15
5162,55893,204
1108,53227,42
2111,53467,345
2728,54416,390
2728,54416,409
2398,53768,66
2398,53768,114
1190,52670,586
1190,52670,591
511,52636,284
2798,54397,505
2798,54397,523
2798,54397,559
2798,54397,560
2427,53815,433
2427,53815,436
2428,53801,621
2428,53801,626
2428,53801,630
2428,53801,632
2429,53799,7
2429,53799,17
2429,53799,39
2429,53799,80
2429,53799,93
1000,52643,323
11316,58396,280
3227,54893,20
3227,54893,81
3227,54893,85
471,51924,307
6398,56356,113
1396,53112,15
12531,58932,583
12531,58932,621
1677,53148,411
1677,53148,430
1677,53148,446
1677,53148,470
1677,53148,483
1677,53148,493
2887,54521,117
2887,54521,120
2887,54521,126
2887,54521,137
2887,54521,143
2887,54521,147
2887,54521,155
2887,54521,158
10228,58223,178
10228,58223,342
3106,54738,345
3106,54738,353
3106,54738,356
7028,56449,22
1192,52649,288
1805,53875,158
3106,54738,633
3106,54738,639
7329,56719,1000
6408,56329,904
3387,54951,199
3387,54951,200
1193,52652,39
2296,53735,615
1708,53503,563
894,52615,559
894,52615,591
894,52615,612
894,52615,637
895,52581,14
829,52296,122
829,52296,172
829,52296,207
2121,54180,28
2121,54180,36
2121,54180,64
2121,54180,77
3123,54741,33
3123,54741,52
3123,54741,70
3123,54741,73
3123,54741,76
3123,54741,94
3123,54741,95
3123,54741,97
7422,56799,345
2087,53415,355
2087,53415,395
2087,53415,399
2087,53415,426
2087,53415,439
2087,53415,441
2087,53415,444
1474,52933,102
1313,52790,102
5991,56076,851
7405,57134,848
7405,57134,858
2461,54570,623
2462,54561,18
2462,54561,42
2420,54086,449
11636,58462,302
7700,58016,988
7700,58016,989
976,52413,104
2916,54507,568
2916,54507,635
2917,54556,4
2917,54556,18
5788,56255,928
7237,56662,304
1075,52933,166
1075,52933,180
1075,52933,186
1075,52933,189
7423,57135,672
7423,57135,718
7423,57135,728
7423,57135,738
7423,57135,760
3122,54821,142
3122,54821,163
3122,54821,190
7643,57302,573
7643,57302,606
11342,58425,802
828,52317,58
739,52520,517
739,52520,522
1106,52912,640
1107,52968,18
1107,52968,24
1107,52968,39
2397,53763,255
1107,52968,244
1765,53466,460
2727,54414,480
2727,54414,499
2727,54414,500
7316,56710,324
7316,56710,368
3170,54859,636
3170,54859,640
3171,54862,40
12545,58930,957
404,51812,574
1676,53147,22
1676,53147,23
894,52615,411
278,51900,99
1767,53436,63
1767,53436,81
1108,53227,357
7422,56799,477
7317,56992,355
7317,56992,362
1474,52933,339
1474,52933,353
1474,52933,356
1474,52933,376
1474,52933,403
1474,52933,421
1474,52933,444
1108,53227,502
1108,53227,518
1108,53227,546
1108,53227,579
1736,53052,4
2149,54509,230
2149,54509,306
2729,54419,140
2729,54419,154
2729,54419,158
1839,53471,505
1839,53471,507
1839,53471,560
1839,53471,583
3171,54862,442
3171,54862,443
3171,54862,461
3171,54862,468
3171,54862,482
934,52672,206
934,52672,263
5883,56033,232
2799,54368,484
8208,57430,355
10288,58131,393
10229,58441,880
2090,53463,392
1485,52992,159
1485,52992,184
1485,52992,194
1508,52944,404
1508,52944,423
1508,52944,426
1508,52944,442
1508,52944,448
1508,52944,453
1508,52944,482
1508,52944,486
1508,52944,494
3326,54943,158
3326,54943,245
1990,53472,148
1990,53472,168
1990,53472,170
1990,53472,213
1990,53472,219
5487,55982,854
3105,54825,350
3105,54825,379
3105,54825,383
10725,58250,883
10725,58250,892
2351,53786,581
2351,53786,582
2351,53786,584
12527,58930,298
12527,58930,311
12527,58930,375
11324,58395,215
11324,58395,270
8868,57781,901
3384,54948,229
4441,55532,667
2429,53799,276
2429,53799,279
2429,53799,305
2429,53799,335
2429,53799,339
2429,53799,340
1200,52668,446
1953,53358,335
3765,55508,592
7290,57073,140
7290,57073,166
7290,57073,167
7290,57073,170
6369,56217,457
6369,56217,537
6369,56217,544
2420,54086,286
2420,54086,314
2420,54086,339
8056,57186,160
7317,56992,750
2169,53556,332
4645,55623,842
4645,55623,854
10917,58252,48
10917,58252,106
3227,54893,188
3294,54918,198
3294,54918,199
3294,54918,238
9626,57875,515
1114,53179,384
1114,53179,393
1114,53179,452
1114,53179,460
1114,53179,464
1114,53179,488
1075,52933,205
1075,52933,215
1495,52944,274
1497,52886,200
1497,52886,203
1497,52886,209
1497,52886,249
1497,52886,254
3368,54954,301
3368,54954,303
3368,54954,338
1495,52944,10
1495,52944,43
9170,58048,11
3373,54940,345
1508,52944,111
1508,52944,121
1508,52944,131
1508,52944,137
1508,52944,140
1508,52944,156
1508,52944,157
3121,54749,546
3121,54749,547
3121,54749,554
3121,54749,555
3121,54749,556
3121,54749,560
1814,54555,543
7641,57307,920
2122,54178,350
1501,53740,192
1501,53740,205
1501,53740,226
1501,53740,230
894,52615,57
1195,52724,238
3380,54977,64
3380,54977,77
3380,54977,103
2424,54448,364
2946,54506,247
9369,58054,97
5047,55833,159
1735,53035,529
1735,53035,555
1735,53035,576
1735,53035,615
1735,53035,621
8505,57834,239
4842,55867,479
4842,55867,510
2697,54389,148
2697,54389,166
2697,54389,173
2697,54389,198
5473,56033,727
5473,56033,729
2122,54178,85
2749,54241,295
8433,57488,210
2948,54553,301
2948,54553,309
2948,54553,312
2948,54553,321
2948,54553,325
2948,54553,335
2948,54553,337
2948,54553,338
2948,54553,339
2948,54553,348
5475,56011,378
2699,54414,144
1993,53762,240
2421,54153,361
12525,58932,492
1497,52886,451
1497,52886,460
1497,52886,480
1497,52886,485
3373,54940,40
2084,53360,624
2084,53360,635
2084,53360,636
2085,53379,54
2085,53379,68
2085,53379,76
272,51941,636
3116,54792,576
1506,53003,239
1506,53003,248
1506,53003,254
1506,53003,283
1506,53003,288
3650,55244,434
1766,53468,44
4198,55480,602
1804,53886,123
2428,53801,253
2428,53801,299
2428,53801,308
2428,53801,335
2428,53801,350
1199,52703,438
1199,52703,441
1199,52703,484
892,52378,446
892,52378,463
4199,55481,630
4199,55481,642
1581,53149,67
1581,53149,74
1581,53149,94
1581,53149,102
1581,53149,105
1581,53149,106
1581,53149,111
1581,53149,112
1581,53149,133
1581,53149,160
1581,53149,180
2775,54535,493
2775,54535,512
2214,53794,343
2826,54389,18
1498,52914,609
1498,52914,618
1498,52914,619
6660,56370,4
7879,57359,692
4200,55499,844
4200,55499,851
4200,55499,878
743,52262,20
1053,52468,579
1053,52468,627
1053,52468,639
1054,52516,4
2629,54087,380
793,52370,192
793,52370,195
2699,54414,410
2699,54414,414
2699,54414,455
2699,54414,473
1114,53179,282
1114,53179,293
2090,53463,499
5185,55978,177
12545,58930,761
3116,54792,631
2113,53468,129
2113,53468,132
12531,58932,641
12531,58932,658
3374,54948,276
3374,54948,295
11636,58462,864
3374,54948,455
3374,54948,477
7641,57307,593
12547,58928,387
12547,58928,450
2915,54497,43
1735,53035,447
1735,53035,491
7583,56958,668
7583,56958,731
12547,58928,974
2798,54397,466
2798,54397,480
4074,55679,895
2298,53737,266
7236,56605,406
7236,56605,426
7236,56605,452
7236,56605,469
7236,56605,487
7317,56992,646
2399,53764,75
2399,53764,143
471,51924,33
830,52293,449
4511,55602,646
2698,54140,340
2698,54140,359
2698,54140,367
2698,54140,374
2698,54140,427
2698,54140,433
2698,54140,436
353,51703,169
353,51703,276
1907,53315,614
1907,53315,615
7291,56992,15
1768,53442,542
1768,53442,550
1768,53442,609
1768,53442,617
1075,52933,85
1075,52933,106
1075,52933,107
1075,52933,109
1075,52933,113
1075,52933,114
1075,52933,125
1075,52933,131
1075,52933,133
1075,52933,135
1075,52933,136
9142,57664,605
1499,53001,434
1499,53001,443
1499,53001,445
1499,53001,464
1499,53001,471
1499,53001,475
1499,53001,476
1499,53001,483
2109,53468,597
3106,54738,202
3106,54738,205
3106,54738,215
2743,54259,344
2743,54259,349
2743,54259,389
3112,54802,425
3112,54802,426
3112,54802,460
3362,54939,399
3362,54939,419
3362,54939,421
3362,54939,436
3362,54939,438
3105,54825,460
3105,54825,462
3105,54825,468
3105,54825,500
5471,56034,344
5471,56034,348
2727,54414,120
10726,58199,735
3170,54859,564
3170,54859,581
8284,57419,590
8284,57419,676
1509,52942,132
3380,54977,220
1343,52790,466
7235,56603,909
740,52263,326
740,52263,329
830,52293,45
830,52293,56
9177,58044,160
883,52430,599
12547,58928,1000
2947,54533,380
2947,54533,412
2947,54533,446
3785,55273,56
6398,56356,27
6455,56370,702
2186,54327,558
2186,54327,575
2186,54327,632
4976,56046,24
742,52263,445
2948,54553,356
2948,54553,359
2948,54553,361
2948,54553,363
2948,54553,367
2948,54553,368
2948,54553,382
2948,54553,384
2948,54553,387
2948,54553,404
2948,54553,410
2267,53713,454
5409,55957,18
2090,53463,199
2090,53463,204
2090,53463,273
2090,53463,295
7318,56990,824
1433,53035,503
7290,57073,987
1807,54175,6
1485,52992,285
1485,52992,309
1485,52992,317
2417,53766,627
2417,53766,633
2418,53794,43
2418,53794,61
2418,53794,63
1496,52883,97
8504,57518,631
8504,57518,658
3373,54940,280
3373,54940,282
1191,52674,523
2729,54419,459
2729,54419,483
8865,57426,860
8865,57426,878
739,52520,533
739,52520,556
7404,56776,628
7404,56776,636
7404,56776,670
2696,54167,26
1189,52668,585
7329,56719,74
7329,56719,80
1814,54555,42
2122,54178,608
2123,53793,6
6413,56336,156
1108,53227,91
1766,53468,302
1766,53468,335
1766,53468,349
1766,53468,378
1394,53108,607
1394,53108,617
3000,54843,412
7643,57302,415
7830,57043,701
1395,52825,33
1395,52825,54
6369,56217,245
6369,56217,246
742,52263,6
1053,52468,73
1953,53358,506
1953,53358,521
1953,53358,539
1953,53358,552
3293,54921,376
2353,53794,539
2353,53794,549
7290,57073,423
1736,53052,220
2089,53498,92
2089,53498,93
2089,53498,94
2089,53498,102
2089,53498,129
2089,53498,168
2089,53498,183
7701,57356,147
3227,54893,219
4759,55649,522
4759,55649,528
2299,53711,627
2091,53447,83
2091,53447,92
2091,53447,100
2091,53447,117
2091,53447,140
2091,53447,161
1485,52992,530
1485,52992,546
739,52520,456
3326,54943,105
7404,56776,374
6413,56336,914
4878,55710,165
