plate,mjd,fiberid
3247,54888,108
3247,54888,110
3247,54888,112
3247,54888,123
3247,54888,129
3247,54888,134
3247,54888,137
3247,54888,141
3247,54888,147
3247,54888,161
3247,54888,165
3247,54888,167
3247,54888,169
742,52263,16
418,51817,361
418,51817,364
7290,57073,453
1736,53052,209
7831,57016,130
5474,56036,966
1475,52903,635
2698,54140,516
2417,53766,122
2417,53766,131
2417,53766,145
2417,53766,170
2417,53766,175
11633,58463,314
12525,58932,355
8504,57518,610
6963,56724,417
9368,57817,566
12525,58932,397
3388,54947,507
3388,54947,508
3388,54947,524
3388,54947,534
3388,54947,550
3388,54947,555
3388,54947,556
3388,54947,570
3388,54947,574
3958,55329,575
893,52589,615
7316,56710,659
4841,55895,822
2049,53350,368
2049,53350,372
7289,57039,326
7289,57039,344
3106,54738,402
3106,54738,414
3106,54738,421
3106,54738,427
3106,54738,440
3106,54738,441
7643,57302,358
7452,56745,912
7452,56745,915
7452,56745,922
7452,56745,925
7452,56745,926
7452,56745,928
7452,56745,931
7452,56745,933
7452,56745,934
7452,56745,936
7452,56745,946
7452,56745,951
7452,56745,962
7452,56745,964
7452,56745,977
7452,56745,978
7452,56745,991
7452,56745,993
7452,56745,1000
7453,56749,4
7453,56749,15
7453,56749,17
7453,56749,20
7453,56749,22
7830,57043,686
1395,52825,60
6369,56217,241
6369,56217,267
2657,54502,174
1581,53149,257
5715,56657,230
10245,58161,706
1264,52707,144
2826,54389,208
2826,54389,216
2826,54389,217
8863,57724,142
5470,56008,366
7330,56684,64
7330,56684,68
7330,56684,70
7330,56684,79
7330,56684,80
7330,56684,81
7330,56684,83
7330,56684,85
7330,56684,86
7330,56684,87
7330,56684,90
7330,56684,93
7330,56684,96
7330,56684,97
7330,56684,98
7330,56684,107
7330,56684,108
7330,56684,113
7330,56684,114
1498,52914,282
268,51633,278
268,51633,304
7404,56776,708
11653,58526,94
11653,58526,98
11653,58526,100
6294,56482,899
6294,56482,948
1107,52968,249
1107,52968,279
2727,54414,539
2727,54414,540
2727,54414,544
2727,54414,545
2727,54414,547
2727,54414,550
2727,54414,558
2727,54414,566
2727,54414,568
2727,54414,569
2727,54414,579
2727,54414,580
2727,54414,581
2727,54414,591
2727,54414,607
2727,54414,617
2727,54414,620
2727,54414,626
2487,53852,144
1199,52703,493
2398,53768,358
2398,53768,389
2398,53768,411
470,51929,563
2428,53801,631
2429,53799,77
418,51817,290
1953,53358,423
1953,53358,427
1953,53358,438
5437,55973,814
7830,57043,974
7830,57043,998
1498,52914,575
2088,53493,602
2462,54561,81
2462,54561,83
2462,54561,94
2462,54561,101
2462,54561,111
2417,53766,310
2417,53766,315
3106,54738,195
3106,54738,212
1496,52883,391
1803,54152,420
3112,54802,435
3112,54802,440
3112,54802,441
3112,54802,442
3112,54802,444
3112,54802,456
3112,54802,459
3112,54802,471
3112,54802,475
3362,54939,402
3362,54939,405
3362,54939,433
3105,54825,469
3105,54825,470
3105,54825,489
3105,54825,505
2727,54414,90
2727,54414,94
2727,54414,95
2727,54414,103
2727,54414,104
2727,54414,105
2727,54414,106
2727,54414,119
2727,54414,131
2727,54414,136
9368,57817,973
7583,56958,414
7583,56958,437
2696,54167,636
2696,54167,640
2697,54389,7
4786,55651,842
891,52584,293
3677,55205,824
6118,56189,625
1814,54555,430
1814,54555,438
6415,56310,880
7422,56799,764
7422,56799,778
7330,56684,4
2826,54389,107
3188,54831,415
3188,54831,418
3188,54831,437
3188,54831,454
3188,54831,466
3188,54831,491
3188,54831,496
3188,54831,513
3188,54831,514
3188,54831,515
3188,54831,527
1907,53315,523
1736,53052,275
1736,53052,323
7764,58042,766
3328,54964,443
3328,54964,460
3328,54964,465
3328,54964,486
3328,54964,490
3328,54964,491
3328,54964,503
3328,54964,518
3328,54964,523
3328,54964,529
4258,55481,195
11040,58456,404
8054,57194,846
2110,53467,350
3362,54939,9
3362,54939,27
3362,54939,32
3362,54939,37
3362,54939,39
3362,54939,46
7333,56686,814
7333,56686,832
7333,56686,833
7333,56686,839
7333,56686,842
7333,56686,844
7333,56686,846
7333,56686,851
7333,56686,853
7333,56686,855
7333,56686,865
887,52376,459
3387,54951,381
3387,54951,386
3387,54951,390
3387,54951,394
3387,54951,396
3387,54951,420
3387,54951,424
3387,54951,427
3387,54951,431
4879,55706,156
4259,55501,112
3388,54947,595
3388,54947,607
3388,54947,630
3390,54945,1
3390,54945,15
3390,54945,19
3390,54945,38
7289,57039,445
7289,57039,487
6111,56270,680
2429,53799,260
2594,54177,379
4442,55532,957
741,52261,446
8056,57186,178
513,51989,202
3227,54893,94
3227,54893,112
3227,54893,122
663,52145,476
2323,54380,72
2323,54380,73
2323,54380,84
792,52353,470
7453,56749,698
7453,56749,701
7453,56749,705
7453,56749,707
7453,56749,709
7453,56749,712
7453,56749,717
7453,56749,720
7453,56749,721
7453,56749,725
7453,56749,726
7453,56749,729
7453,56749,732
7453,56749,733
3367,54998,322
3367,54998,329
3367,54998,335
3367,54998,345
3367,54998,351
3367,54998,368
5489,55990,115
5489,55990,148
8734,57642,558
1504,52940,296
2797,54616,470
2797,54616,510
2797,54616,543
2797,54616,549
2797,54616,560
3110,54747,340
3110,54747,361
12533,58931,878
7331,56658,965
7331,56658,971
7331,56658,972
7331,56658,976
7331,56658,979
7331,56658,981
7331,56658,985
7331,56658,986
7331,56658,988
5491,56034,854
5991,56076,26
2297,53738,68
5046,56243,873
2696,54167,543
2696,54167,550
2696,54167,557
2696,54167,562
2696,54167,563
2696,54167,565
2696,54167,567
2696,54167,570
2696,54167,576
2696,54167,580
2696,54167,586
2696,54167,588
2696,54167,601
2696,54167,607
2696,54167,613
2696,54167,623
2696,54167,628
2696,54167,629
2119,53792,582
2119,53792,624
2947,54533,22
2594,54177,252
5047,55833,730
6530,56537,190
2947,54533,165
8865,57426,255
6442,56369,831
3227,54893,49
3227,54893,60
3227,54893,62
5735,55980,459
6170,56240,104
2628,54326,522
2628,54326,534
2628,54326,554
2628,54326,567
2628,54326,587
2628,54326,620
2628,54326,622
2267,53713,314
7318,56990,90
11546,58488,59
3362,54939,180
3362,54939,183
3362,54939,189
3362,54939,210
3362,54939,212
3362,54939,221
3362,54939,223
2724,54616,260
1496,52883,561
1496,52883,575
2418,53794,523
2418,53794,524
267,51608,49
1496,52883,608
1498,52914,346
276,51909,576
3388,54947,354
3388,54947,366
3388,54947,370
3388,54947,372
3388,54947,383
3388,54947,384
3388,54947,385
3388,54947,389
3388,54947,390
3388,54947,401
3388,54947,407
3388,54947,408
11045,58485,457
2915,54497,65
2915,54497,135
2915,54497,173
3388,54947,580
7761,58071,660
7317,56992,112
7317,56992,168
1161,52703,216
1625,53140,93
2536,53883,82
3293,54921,382
3293,54921,398
3293,54921,403
3293,54921,408
3293,54921,425
3293,54921,473
3002,54844,410
3002,54844,414
1395,52825,552
1053,52468,225
3328,54964,217
3328,54964,219
3328,54964,226
3328,54964,231
3328,54964,245
3328,54964,265
3328,54964,268
3328,54964,312
3328,54964,326
2299,53711,153
2299,53711,156
2299,53711,177
3109,54833,545
3109,54833,562
3109,54833,569
3109,54833,573
7330,56684,519
7330,56684,520
7330,56684,525
7330,56684,529
7330,56684,534
7330,56684,535
7330,56684,537
7330,56684,544
1472,52913,513
1472,52913,517
1472,52913,519
1472,52913,523
1472,52913,524
1472,52913,529
1472,52913,549
1472,52913,572
1472,52913,584
1472,52913,587
1472,52913,593
1472,52913,595
1472,52913,603
1472,52913,605
1472,52913,610
1472,52913,611
1472,52913,613
1472,52913,615
1472,52913,616
1472,52913,617
7315,56685,130
11636,58462,420
3109,54833,602
3109,54833,605
6410,56336,906
2427,53815,183
1107,52968,130
1107,52968,209
1765,53466,621
2697,54389,50
438,51884,178
2087,53415,180
1473,52908,574
1473,52908,597
2087,53415,410
1907,53315,385
1907,53315,388
1907,53315,400
583,52055,255
11636,58462,244
2729,54419,229
2729,54419,277
2729,54419,309
2729,54419,320
2729,54419,323
2729,54419,329
7330,56684,172
7330,56684,175
7330,56684,179
7330,56684,180
7330,56684,181
7330,56684,187
7330,56684,191
7330,56684,195
7330,56684,200
7330,56684,202
7330,56684,204
7330,56684,206
7330,56684,207
7330,56684,208
7330,56684,210
7330,56684,213
7330,56684,218
7330,56684,224
7330,56684,225
7330,56684,227
9142,57664,128
1027,52557,17
1027,52557,27
1027,52557,81
5475,56011,384
5475,56011,412
266,51630,364
3367,54998,465
3367,54998,470
3367,54998,474
3367,54998,476
5487,55982,142
3367,54998,541
3367,54998,548
3367,54998,566
3367,54998,570
3367,54998,575
3367,54998,577
3367,54998,585
3367,54998,595
3367,54998,599
3367,54998,607
3367,54998,612
5470,56008,925
5470,56008,970
7582,56960,296
1505,52941,467
1505,52941,469
1197,52668,468
1197,52668,476
1499,53001,213
3373,54940,504
3373,54940,508
3373,54940,522
3373,54940,530
3373,54940,539
3373,54940,543
933,52642,74
933,52642,115
933,52642,158
4878,55710,824
2627,54379,93
4198,55480,828
1709,53533,83
3123,54741,172
3123,54741,218
3123,54741,220
3123,54741,223
3123,54741,235
3123,54741,238
3123,54741,245
3123,54741,247
3123,54741,251
3123,54741,257
3123,54741,263
1815,53884,252
3388,54947,255
3388,54947,259
3388,54947,274
3388,54947,276
3388,54947,303
3388,54947,313
3388,54947,314
3388,54947,318
3002,54844,13
3002,54844,67
3002,54844,122
5474,56036,276
294,51986,446
294,51986,492
3109,54833,187
4025,55350,659
1599,53089,120
2595,54207,316
2595,54207,335
5951,56102,416
2629,54087,251
2629,54087,264
2629,54087,275
2629,54087,285
278,51900,278
1201,52674,507
12531,58932,654
885,52379,119
3112,54802,256
3112,54802,269
3112,54802,271
3112,54802,272
3112,54802,291
887,52376,512
8276,57067,414
1803,54152,156
3367,54998,146
7315,56685,952
7289,57039,116
7289,57039,166
7329,56719,262
883,52430,77
883,52430,177
7877,56898,708
2086,53401,329
3384,54948,329
3384,54948,330
3384,54948,341
304,51609,340
3388,54947,330
3388,54947,332
3388,54947,335
5801,56328,166
4879,55706,726
1926,53317,35
1926,53317,72
1926,53317,92
2560,54205,118
2560,54205,128
2560,54205,129
2560,54205,156
2560,54205,158
2560,54205,181
7584,56957,614
4511,55602,82
4511,55602,101
294,51986,512
2799,54368,308
2799,54368,316
2799,54368,330
2799,54368,334
2799,54368,339
2799,54368,342
2799,54368,356
2799,54368,368
2799,54368,383
2799,54368,393
2799,54368,407
6170,56240,730
6170,56240,800
2799,54368,437
2799,54368,452
2799,54368,468
2799,54368,481
2799,54368,491
2799,54368,498
2799,54368,505
2799,54368,516
304,51609,521
304,51609,524
304,51609,525
304,51609,527
304,51609,528
5951,56102,707
1908,53239,53
1908,53239,56
1908,53239,77
276,51909,452
3106,54738,85
3106,54738,101
3106,54738,116
3106,54738,130
1189,52668,249
3375,55003,106
3375,55003,111
3375,55003,122
3375,55003,125
3375,55003,128
3375,55003,130
3375,55003,131
3375,55003,145
3375,55003,146
10000,58141,735
7638,56981,769
3373,54940,247
3373,54940,248
3373,54940,250
3373,54940,251
268,51633,325
268,51633,344
5488,56013,864
3386,54952,18
3386,54952,27
3386,54952,28
3386,54952,35
3386,54952,50
1812,53795,320
2749,54241,403
5187,56074,799
3390,54945,120
3390,54945,130
3390,54945,142
3390,54945,148
3390,54945,151
3122,54821,533
3122,54821,540
3122,54821,551
3122,54821,553
3122,54821,554
3122,54821,556
3122,54821,582
3122,54821,595
3122,54821,601
3122,54821,612
3122,54821,623
3121,54749,257
1813,53903,440
511,52636,572
511,52636,593
2697,54389,355
2798,54397,606
2798,54397,613
2799,54368,27
2799,54368,48
2799,54368,64
7642,57651,678
2858,54498,456
2858,54498,458
2858,54498,505
381,51811,88
381,51811,96
12531,58932,436
1498,52914,354
1498,52914,356
1498,52914,453
884,52374,555
2187,54270,52
2187,54270,79
2187,54270,102
2187,54270,128
1375,53084,239
2724,54616,585
5179,55957,602
2728,54416,288
3326,54943,340
3326,54943,344
3326,54943,346
3326,54943,351
3326,54943,363
2945,54505,514
2945,54505,524
2945,54505,526
2945,54505,527
2945,54505,545
1189,52668,497
2049,53350,479
4227,55481,800
3106,54738,490
3106,54738,492
3106,54738,503
2428,53801,555
2428,53801,598
5492,56010,784
1953,53358,359
7290,57073,208
438,51884,505
6369,56217,458
6369,56217,459
6369,56217,463
6369,56217,471
6369,56217,494
6369,56217,499
6369,56217,520
6369,56217,540
6369,56217,546
2399,53764,184
2399,53764,228
2399,53764,234
2399,53764,275
2399,53764,278
2698,54140,89
3227,54893,167
3227,54893,179
2400,53765,254
2400,53765,299
2400,53765,319
2400,53765,324
7454,56751,36
7454,56751,43
7454,56751,49
7454,56751,51
7454,56751,56
7454,56751,60
7454,56751,68
7454,56751,69
7454,56751,71
7454,56751,74
7454,56751,82
7454,56751,90
7454,56751,96
7454,56751,98
7454,56751,99
7454,56751,105
7454,56751,107
7454,56751,110
7454,56751,111
7454,56751,114
7454,56751,115
7454,56751,118
7454,56751,130
7454,56751,131
7454,56751,139
2417,53766,356
2417,53766,359
2417,53766,360
2417,53766,361
2417,53766,403
3105,54825,516
3105,54825,522
3105,54825,558
3105,54825,561
8054,57194,463
2724,54616,131
2724,54616,135
5486,56030,250
5486,56030,271
3106,54738,315
3368,54954,9
3368,54954,15
3368,54954,16
3368,54954,32
3368,54954,33
3368,54954,54
10227,58224,172
7288,57039,904
7288,57039,913
1189,52668,334
12547,58928,562
2797,54616,570
2797,54616,575
2797,54616,583
2797,54616,593
2797,54616,594
2797,54616,622
2797,54616,630
2797,54616,637
2798,54397,5
2798,54397,36
3650,55244,58
1815,53884,405
4228,55484,14
7289,57039,568
7289,57039,618
6658,56606,730
1474,52933,64
1474,52933,72
1474,52933,78
1108,53227,262
1108,53227,271
1108,53227,329
2111,53467,615
1907,53315,423
1907,53315,433
7406,56805,152
2299,53711,320
2299,53711,321
3328,54964,571
3328,54964,576
3328,54964,582
3328,54964,588
3328,54964,595
3328,54964,603
3328,54964,611
3328,54964,613
3328,54964,616
3328,54964,631
3329,54970,14
5163,55889,722
4526,55559,680
1908,53239,226
1908,53239,232
2537,53917,72
2537,53917,78
2537,53917,81
2537,53917,95
10726,58199,130
1506,53003,373
3362,54939,285
3362,54939,301
3362,54939,307
3362,54939,315
3362,54939,317
3362,54939,320
3362,54939,323
3362,54939,334
3362,54939,340
3362,54939,351
3362,54939,367
3362,54939,373
3362,54939,377
3362,54939,389
2724,54616,281
469,51913,183
2397,53763,321
2397,53763,342
2397,53763,350
2397,53763,353
2397,53763,372
2397,53763,431
1501,53740,590
1073,52649,444
1497,52886,116
1497,52886,120
1497,52886,172
2397,53763,439
2397,53763,461
2397,53763,487
2397,53763,517
2750,54242,548
2750,54242,571
1509,52942,569
1509,52942,601
3121,54749,193
5027,56218,2
3109,54833,91
3109,54833,99
3109,54833,100
3109,54833,104
3109,54833,107
3109,54833,115
3109,54833,117
2729,54419,10
2729,54419,19
2729,54419,24
2729,54419,61
2729,54419,66
2729,54419,101
2729,54419,109
1161,52703,553
4510,55559,832
11085,58462,945
8302,57389,898
3752,55236,21
2509,54180,54
3188,54831,537
3188,54831,547
3328,54964,387
3328,54964,391
3328,54964,408
3328,54964,426
3328,54964,427
2629,54087,7
2629,54087,43
2629,54087,79
1954,53357,37
2729,54419,509
2729,54419,563
6296,56219,388
3294,54918,413
2120,53852,444
1507,53763,280
1507,53763,297
7235,56603,116
3110,54747,180
3110,54747,183
3110,54747,197
3110,54747,222
8866,57457,217
5179,55957,228
4840,55690,876
2394,54551,638
2397,53763,4
4074,55679,93
6047,56098,21
2049,53350,392
2049,53350,447
2049,53350,468
2049,53350,474
1073,52649,569
1074,52937,14
7329,56719,564
5473,56033,10
1506,53003,602
5047,55833,883
4199,55481,902
741,52261,404
418,51817,192
6047,56098,780
2353,53794,254
1395,52825,177
3373,54940,108
3373,54940,121
