plate,mjd,fiberid
3373,54940,127
3373,54940,128
3373,54940,144
3373,54940,147
3373,54940,149
3373,54940,156
3373,54940,159
3373,54940,171
3373,54940,181
3373,54940,184
3373,54940,189
11086,58401,165
916,52378,333
11113,58425,774
2916,54507,461
2323,54380,259
2323,54380,286
2323,54380,289
2323,54380,310
2323,54380,342
2323,54380,345
6598,56574,486
419,51879,9
7330,56684,844
7330,56684,845
7330,56684,850
7330,56684,855
7330,56684,856
7330,56684,858
7330,56684,860
7330,56684,864
7330,56684,867
7330,56684,869
7330,56684,873
7330,56684,876
7330,56684,877
7330,56684,882
7330,56684,884
7330,56684,885
7452,56745,287
7452,56745,291
7452,56745,295
7452,56745,298
7452,56745,299
7452,56745,306
7452,56745,309
7452,56745,311
7452,56745,312
7452,56745,314
7452,56745,315
7452,56745,317
7452,56745,319
7452,56745,320
7452,56745,326
7452,56745,327
7452,56745,345
7452,56745,346
3326,54943,606
3326,54943,607
3326,54943,618
3326,54943,621
3326,54943,627
3326,54943,630
3326,54943,631
3327,54951,3
3327,54951,9
3327,54951,10
3327,54951,11
3327,54951,16
3327,54951,35
3327,54951,52
3327,54951,63
3327,54951,64
7405,57134,130
894,52615,336
3386,54952,111
3386,54952,112
3386,54952,114
3386,54952,118
3958,55329,368
3121,54749,635
5492,56010,244
8857,57449,758
3227,54893,34
3227,54893,35
3227,54893,38
3227,54893,44
7764,58042,434
975,52411,572
4995,55739,166
7700,58016,876
4759,55649,386
3329,54970,199
3329,54970,201
3329,54970,207
3329,54970,209
3329,54970,212
3329,54970,224
3807,55511,440
1710,53504,358
11636,58462,616
11636,58462,660
2400,53765,600
2400,53765,606
2400,53765,616
2401,53768,13
2401,53768,15
2401,53768,28
9142,57664,597
1499,53001,468
1499,53001,532
3367,54998,35
3367,54998,47
3367,54998,68
3367,54998,73
3367,54998,87
11633,58463,819
1190,52670,284
7028,56449,461
1805,53875,19
1509,52942,235
2296,53735,605
5472,55976,627
2915,54497,306
2915,54497,331
2915,54497,335
2915,54497,339
2915,54497,342
2915,54497,353
2915,54497,360
2915,54497,366
2915,54497,370
2322,53727,16
2322,53727,20
2322,53727,34
2322,53727,68
2322,53727,72
2322,53727,87
418,51817,77
7289,57039,936
11634,58484,963
4510,55559,762
7317,56992,442
1244,52674,442
622,52054,298
2799,54368,190
2799,54368,242
2799,54368,250
2799,54368,254
2799,54368,275
2799,54368,287
2799,54368,289
8161,57127,336
3150,54806,492
3150,54806,513
3150,54806,523
3150,54806,547
3150,54806,567
3150,54806,571
3150,54806,577
2149,54509,517
7114,56748,697
1907,53315,566
5302,55896,974
5335,56013,732
8858,57450,140
7330,56684,797
7330,56684,799
7330,56684,817
7330,56684,818
7330,56684,821
7330,56684,823
7330,56684,827
7330,56684,830
7330,56684,831
7330,56684,835
7330,56684,841
2739,54618,97
2739,54618,105
4848,55955,83
3171,54862,623
3171,54862,632
3171,54862,634
7452,56745,905
7452,56745,906
7452,56745,909
1925,53327,566
3122,54821,228
3122,54821,239
3122,54821,247
3122,54821,264
3122,54821,267
3122,54821,281
3122,54821,284
3122,54821,288
975,52411,224
7830,57043,884
5132,55858,282
4511,55602,331
4511,55602,373
2420,54086,430
5287,55952,124
3752,55236,402
3752,55236,406
1907,53315,623
6171,56311,246
934,52672,404
8413,57897,410
8413,57897,450
5028,55836,330
9611,58107,680
664,52174,235
3294,54918,526
3294,54918,558
3294,54918,562
3294,54918,567
3294,54918,577
3294,54918,609
3294,54918,617
3294,54918,618
6628,56366,697
7454,56751,262
7454,56751,263
7454,56751,264
7454,56751,271
7454,56751,274
7454,56751,278
7454,56751,282
7454,56751,283
7454,56751,284
7454,56751,289
7454,56751,290
7454,56751,291
7454,56751,299
7454,56751,305
7454,56751,315
7454,56751,321
7454,56751,322
7454,56751,329
7454,56751,331
7454,56751,336
7454,56751,344
7454,56751,346
7454,56751,348
7454,56751,349
7454,56751,352
7454,56751,357
7454,56751,358
7454,56751,362
7454,56751,366
7454,56751,369
7454,56751,371
7454,56751,376
7581,57195,904
7581,57195,906
7581,57195,912
7581,57195,945
3377,54950,259
3377,54950,272
3377,54950,290
3110,54747,115
3110,54747,129
3114,54773,469
3114,54773,496
3114,54773,515
3114,54773,518
3387,54951,475
1508,52944,60
1508,52944,83
1508,52944,101
5488,56013,791
7452,56745,443
7289,57039,290
2049,53350,170
2049,53350,197
2049,53350,214
4441,55532,514
7452,56745,562
7452,56745,563
7452,56745,565
1766,53468,263
2121,54180,173
1580,53145,585
5492,56010,47
5492,56010,99
830,52293,245
830,52293,346
2749,54241,549
3121,54749,584
3121,54749,587
1291,52738,30
8207,57431,884
3690,55182,214
6170,56240,218
5882,56029,752
8412,58172,944
3247,54888,187
3247,54888,190
3247,54888,194
3247,54888,200
3247,54888,201
3247,54888,206
3247,54888,207
3247,54888,210
3247,54888,211
3247,54888,231
3247,54888,273
3247,54888,290
2536,53883,284
2536,53883,293
2536,53883,319
2536,53883,349
2536,53883,362
2536,53883,387
7423,57135,350
2629,54087,121
2629,54087,139
1075,52933,54
1075,52933,78
8731,57416,661
11375,58426,461
5697,55944,840
8395,57834,561
8841,57425,626
7237,56662,804
7452,56745,754
7452,56745,755
7452,56745,759
7452,56745,760
7452,56745,763
7452,56745,764
7452,56745,765
7452,56745,773
7452,56745,776
7452,56745,777
7452,56745,778
7452,56745,790
7452,56745,796
4442,55532,4
5487,55982,441
7700,58016,528
1475,52903,560
830,52293,617
7453,56749,474
7453,56749,475
7453,56749,483
7453,56749,494
7453,56749,495
7453,56749,497
7453,56749,498
7453,56749,502
7453,56749,503
7453,56749,508
7453,56749,512
7453,56749,513
7454,56751,153
7454,56751,154
7454,56751,156
7454,56751,158
7454,56751,162
7454,56751,163
7454,56751,167
7454,56751,171
7454,56751,178
7454,56751,180
7454,56751,189
7454,56751,194
7454,56751,195
7454,56751,200
7454,56751,204
7454,56751,211
7454,56751,216
7454,56751,220
7454,56751,226
7454,56751,232
7454,56751,233
7454,56751,237
7454,56751,238
7454,56751,240
7454,56751,241
7454,56751,251
7454,56751,254
7454,56751,255
7454,56751,257
7454,56751,259
7454,56751,261
2826,54389,500
2826,54389,538
3172,54863,95
3172,54863,111
3172,54863,112
3172,54863,115
3172,54863,119
3172,54863,136
2945,54505,399
2945,54505,470
2945,54505,490
3374,54948,319
3374,54948,327
3374,54948,332
3374,54948,336
3374,54948,350
3374,54948,351
3374,54948,357
3374,54948,380
3374,54948,395
2421,54153,634
3384,54948,179
3384,54948,189
3384,54948,190
8868,57781,998
885,52379,230
3123,54741,296
3123,54741,304
3123,54741,307
3123,54741,319
3123,54741,321
3123,54741,465
3123,54741,467
3123,54741,477
3123,54741,478
3123,54741,479
3123,54741,487
3123,54741,492
3123,54741,493
3123,54741,503
3123,54741,504
3123,54741,511
3123,54741,515
3123,54741,540
3123,54741,545
3123,54741,546
3123,54741,553
2656,54484,603
764,52238,392
764,52238,408
7643,57302,183
7643,57302,184
2122,54178,264
3953,55322,42
2398,53768,622
2399,53764,23
2399,53764,43
2560,54205,310
2560,54205,314
2560,54205,331
2560,54205,337
2560,54205,343
2560,54205,354
2560,54205,370
4056,55357,100
3752,55236,93
3752,55236,156
2323,54380,200
2323,54380,227
1710,53504,81
4526,55559,234
4526,55559,290
4473,55589,397
1225,52760,193
7674,57359,603
7674,57359,605
664,52174,338
7701,57356,556
2300,53682,140
714,52201,461
714,52201,503
7317,56992,367
1474,52933,337
1474,52933,369
1108,53227,501
7453,56749,145
7453,56749,146
7453,56749,147
7453,56749,148
7453,56749,151
7453,56749,161
7453,56749,164
7453,56749,169
7453,56749,175
7453,56749,176
1736,53052,39
7453,56749,252
7453,56749,262
7453,56749,263
7453,56749,271
7453,56749,272
7453,56749,274
7453,56749,276
7453,56749,277
7453,56749,297
7453,56749,301
7453,56749,304
7453,56749,305
7453,56749,307
7453,56749,311
7453,56749,314
7453,56749,315
7453,56749,318
7453,56749,323
7453,56749,325
7453,56749,326
7453,56749,336
7453,56749,338
7453,56749,343
7453,56749,356
5408,56038,2
2322,53727,442
2322,53727,453
2322,53727,493
3293,54921,488
7290,57073,668
5163,55889,637
5408,56038,766
2657,54502,511
1192,52649,198
5475,56011,544
714,52201,248
714,52201,305
2917,54556,243
2917,54556,246
2917,54556,256
2917,54556,257
2917,54556,266
2917,54556,270
2917,54556,287
2917,54556,294
2917,54556,311
2917,54556,320
9142,57664,703
2462,54561,407
2462,54561,438
2462,54561,455
885,52379,532
885,52379,574
304,51609,575
304,51609,614
5199,56067,615
3111,54800,153
3111,54800,166
3111,54800,190
3111,54800,206
3109,54833,151
3109,54833,158
3109,54833,172
3109,54833,179
3109,54833,184
8866,57457,261
8866,57457,286
11653,58526,562
11653,58526,606
1107,52968,391
1107,52968,399
1107,52968,427
1107,52968,441
1107,52968,468
10234,58153,904
12527,58930,404
4572,55622,678
3121,54749,249
713,52178,357
3327,54951,483
3327,54951,486
3327,54951,487
3327,54951,495
3327,54951,506
3327,54951,512
3327,54951,514
3327,54951,516
741,52261,206
741,52261,262
741,52261,266
7405,57134,591
6369,56217,347
6369,56217,361
2353,53794,356
2049,53350,613
2050,53401,2
2050,53401,28
2050,53401,35
2858,54498,621
2858,54498,633
2859,54570,9
2859,54570,38
2859,54570,63
3003,54845,23
7318,56990,470
7318,56990,502
1476,52964,307
1476,52964,354
2169,53556,486
10246,58171,25
3189,54833,128
3189,54833,134
3189,54833,135
3189,54833,141
3189,54833,152
3189,54833,156
3189,54833,168
3189,54833,183
3189,54833,191
3189,54833,193
3189,54833,194
3189,54833,205
3189,54833,207
8224,57378,875
976,52413,499
353,51703,567
353,51703,603
353,51703,638
6504,56540,859
7330,56684,546
7330,56684,549
7330,56684,551
7330,56684,556
7330,56684,557
7330,56684,558
7330,56684,561
7330,56684,562
7330,56684,563
7330,56684,565
7330,56684,568
7330,56684,570
7330,56684,574
7330,56684,575
7330,56684,582
7330,56684,583
7330,56684,585
7330,56684,589
7330,56684,604
2400,53765,115
2400,53765,135
2400,53765,137
2400,53765,140
2400,53765,154
2400,53765,155
2400,53765,164
2400,53765,166
2400,53765,214
1162,52668,534
7330,56684,624
7330,56684,625
7330,56684,626
7330,56684,629
7330,56684,633
7330,56684,639
7330,56684,652
7330,56684,654
7330,56684,658
7330,56684,660
7330,56684,661
7330,56684,663
7330,56684,664
7330,56684,667
7330,56684,668
7330,56684,669
7330,56684,672
7330,56684,673
7330,56684,676
7330,56684,679
7330,56684,683
7330,56684,693
7330,56684,695
7330,56684,698
7330,56684,699
7330,56684,703
7330,56684,706
7330,56684,715
7330,56684,716
7330,56684,721
7330,56684,722
7330,56684,723
7330,56684,724
7330,56684,725
7880,57336,159
2859,54570,609
2629,54087,575
2629,54087,582
2629,54087,599
2629,54087,603
2727,54414,370
2727,54414,371
2727,54414,373
2727,54414,376
2727,54414,377
2727,54414,387
2727,54414,398
2727,54414,408
2727,54414,411
2727,54414,412
2727,54414,416
2727,54414,423
3368,54954,430
3368,54954,431
3368,54954,447
3368,54954,449
3368,54954,451
7636,56989,894
8277,57073,906
7329,56719,780
2624,54380,300
2624,54380,318
2624,54380,321
2624,54380,327
2624,54380,346
2624,54380,352
2624,54380,354
5472,55976,12
5472,55976,114
3114,54773,302
3114,54773,306
3114,54773,313
3114,54773,327
3114,54773,335
3114,54773,347
7332,56683,972
7332,56683,975
7332,56683,978
7332,56683,979
7332,56683,982
7332,56683,989
7332,56683,991
7332,56683,995
7332,56683,996
2627,54379,145
2627,54379,210
883,52430,597
276,51909,212
1313,52790,91
1112,53180,285
7852,56987,370
1395,52825,301
2461,54570,586
2461,54570,634
2461,54570,638
2461,54570,640
2462,54561,6
2462,54561,44
7637,56933,368
11636,58462,178
792,52353,361
607,52368,319
607,52368,320
1264,52707,429
2887,54521,115
2887,54521,116
2401,53768,496
2401,53768,502
2401,53768,518
2401,53768,573
2401,53768,582
2799,54368,523
2799,54368,530
3386,54952,240
3386,54952,265
3386,54952,277
3386,54952,292
3386,54952,304
3386,54952,312
3386,54952,315
3386,54952,324
3386,54952,334
3386,54952,337
2728,54416,137
2728,54416,159
883,52430,409
3368,54954,78
3368,54954,101
3368,54954,108
3368,54954,119
3373,54940,46
7328,56715,200
2421,54153,222
2421,54153,226
7583,56958,57
4295,55858,426
4295,55858,513
4975,56037,38
7333,56686,143
7333,56686,148
7333,56686,149
7333,56686,157
7333,56686,162
7333,56686,164
7333,56686,167
7333,56686,172
7333,56686,181
7333,56686,182
7333,56686,183
7333,56686,190
7333,56686,191
7333,56686,194
7289,57039,666
3821,55535,91
267,51608,557
8738,57402,582
2121,54180,566
7035,56568,121
3293,54921,269
3293,54921,280
3293,54921,293
3293,54921,304
3293,54921,315
3293,54921,321
3293,54921,330
3293,54921,335
3293,54921,346
3293,54921,352
1475,52903,183
4472,55893,760
1805,53875,596
11044,58508,314
8412,58172,986
1907,53315,589
1840,53472,199
8303,57805,264
8303,57805,322
2113,53468,260
8303,57805,333
8303,57805,420
1599,53089,430
1599,53089,537
7674,57359,664
7674,57359,710
8225,57375,304
5492,56010,706
3122,54821,76
3122,54821,79
3122,54821,90
3122,54821,106
3122,54821,112
3122,54821,116
3386,54952,415
3386,54952,416
3386,54952,429
3386,54952,432
3386,54952,436
3386,54952,451
3386,54952,455
3386,54952,458
3386,54952,486
3386,54952,494
3386,54952,511
1372,53062,71
7404,56776,541
3116,54792,571
3116,54792,572
3116,54792,594
8063,57576,194
1815,53884,337
1766,53468,93
1766,53468,102
7422,56799,40
622,52054,104
5490,56003,616
7644,57327,38
9349,58068,370
9554,57807,895
9554,57807,944
7405,57134,506
3246,54939,600
3246,54939,619
3246,54939,626
3246,54939,632
3246,54939,640
3247,54888,2
3247,54888,4
3247,54888,8
3247,54888,13
2536,53883,34
2536,53883,49
2536,53883,50
2858,54498,400
2858,54498,401
2858,54498,429
5437,55973,704
7422,56799,888
7700,58016,750
7700,58016,856
1907,53315,484
1907,53315,486
1907,53315,495
1907,53315,507
7737,57722,151
5951,56102,202
2776,54554,147
2776,54554,244
2859,54570,384
2859,54570,389
1264,52707,570
1882,53262,535
1882,53262,575
1882,53262,589
1396,53112,561
1375,53084,633
6296,56219,761
7331,56658,295
7331,56658,300
3122,54821,165
3122,54821,184
7643,57302,629
2420,54086,255
7028,56449,934
10722,58281,275
3105,54825,116
3105,54825,118
3105,54825,132
3105,54825,140
3105,54825,144
3105,54825,147
3105,54825,165
3105,54825,169
1188,52650,65
3380,54977,587
3380,54977,594
3380,54977,609
3380,54977,611
3380,54977,613
2624,54380,413
2624,54380,460
2624,54380,465
8871,57519,778
11045,58485,816
8277,57073,119
882,52370,626
1507,53763,394
1507,53763,460
1507,53763,462
2798,54397,80
2798,54397,121
2798,54397,127
2798,54397,132
2798,54397,135
6323,56189,230
740,52263,398
2946,54506,425
1343,52790,628
5162,55893,505
5162,55893,518
4879,55706,295
5714,56660,884
2798,54397,403
2798,54397,410
2798,54397,427
2798,54397,449
5487,55982,462
512,51992,241
3002,54844,298
418,51817,384
2947,54533,525
2947,54533,583
7317,56992,928
7317,56992,996
7318,56990,19
2017,53474,305
2017,53474,313
2150,54510,178
5846,56017,712
2739,54618,51
2739,54618,90
2739,54618,93
8378,57785,177
3294,54918,521
8413,57897,554
472,51955,230
5182,56341,185
2091,53447,502
1883,53271,304
1883,53271,316
6780,56605,721
305,51613,66
2947,54533,205
7736,57728,598
7453,56749,69
7453,56749,70
7453,56749,85
7453,56749,96
7453,56749,100
7453,56749,102
7453,56749,110
7453,56749,123
7453,56749,127
2049,53350,518
2049,53350,536
2049,53350,586
2049,53350,606
1767,53436,296
1767,53436,313
1805,53875,351
6170,56240,185
6170,56240,196
352,51694,630
352,51694,635
405,51816,163
6832,56426,746
7737,57722,298
2629,54087,372
3329,54970,258
3329,54970,279
3329,54970,284
