plate,mjd,fiberid
7328,56715,644
266,51630,234
3362,54939,567
3362,54939,577
3362,54939,579
1497,52886,15
7329,56719,446
6294,56482,662
7333,56686,200
7333,56686,201
7333,56686,205
7333,56686,207
7333,56686,208
7333,56686,213
7333,56686,217
7333,56686,219
7333,56686,222
7333,56686,228
7333,56686,233
7333,56686,235
7333,56686,238
7333,56686,240
7333,56686,242
7333,56686,246
3114,54773,541
3114,54773,549
3114,54773,571
739,52520,604
739,52520,612
739,52520,624
2428,53801,7
2696,54167,92
2696,54167,98
2696,54167,115
2696,54167,118
2696,54167,121
2696,54167,123
2696,54167,124
2696,54167,133
2696,54167,134
2696,54167,140
2696,54167,150
2696,54167,155
2696,54167,157
2696,54167,158
2696,54167,159
2696,54167,161
2696,54167,173
2696,54167,176
2696,54167,182
2696,54167,186
2696,54167,189
2430,53815,490
829,52296,93
7452,56745,240
7452,56745,241
7452,56745,242
7452,56745,243
7452,56745,246
7452,56745,249
7452,56745,250
7452,56745,251
7452,56745,252
7452,56745,257
7452,56745,258
7452,56745,261
7452,56745,262
7452,56745,267
7452,56745,268
7452,56745,277
7452,56745,278
3390,54945,273
3390,54945,285
3390,54945,291
3390,54945,325
3390,54945,329
3390,54945,338
3390,54945,347
3390,54945,353
3390,54945,362
3390,54945,368
3390,54945,382
3105,54825,18
3105,54825,27
3105,54825,30
5491,56034,374
5491,56034,384
2394,54551,622
2394,54551,626
1107,52968,4
1107,52968,70
1107,52968,93
2397,53763,235
2397,53763,249
2397,53763,251
1107,52968,224
1765,53466,467
469,51913,257
469,51913,339
2727,54414,428
2727,54414,432
2727,54414,442
2727,54414,455
2727,54414,456
2727,54414,457
2727,54414,461
2727,54414,463
2727,54414,468
2727,54414,477
2727,54414,478
2727,54414,482
2727,54414,483
2727,54414,484
2727,54414,489
2727,54414,518
2727,54414,519
2727,54414,520
2727,54414,521
2727,54414,522
2727,54414,532
2727,54414,534
2727,54414,535
2727,54414,536
2727,54414,537
7316,56710,546
7316,56710,606
7452,56745,351
7452,56745,355
7452,56745,356
7452,56745,357
7452,56745,358
7452,56745,372
7452,56745,376
7452,56745,378
7452,56745,390
7452,56745,397
7452,56745,401
7452,56745,408
7452,56745,410
7452,56745,425
7452,56745,431
7452,56745,432
7452,56745,439
7644,57327,548
7644,57327,552
7644,57327,580
7644,57327,646
2727,54414,61
2727,54414,85
7328,56715,668
7328,56715,676
1813,53903,81
7452,56745,17
7452,56745,18
7452,56745,22
7452,56745,35
7452,56745,48
7452,56745,66
7452,56745,68
7452,56745,71
7452,56745,74
7452,56745,106
7452,56745,107
7452,56745,117
7452,56745,118
7452,56745,119
7452,56745,121
7452,56745,126
2742,54233,334
8732,57418,808
11634,58484,49
1189,52668,367
2168,53886,350
277,51908,313
271,51883,639
272,51941,19
272,51941,44
2946,54506,337
2946,54506,350
2946,54506,366
2946,54506,378
2946,54506,383
2946,54506,391
2946,54506,395
7452,56745,576
7452,56745,577
7452,56745,579
7452,56745,584
7452,56745,596
7452,56745,597
7452,56745,598
7452,56745,601
7452,56745,603
7452,56745,605
7452,56745,606
7452,56745,607
7452,56745,610
7452,56745,613
7452,56745,615
7452,56745,616
7452,56745,644
7452,56745,646
7452,56745,648
7452,56745,649
7452,56745,651
7452,56745,652
7452,56745,653
7452,56745,655
7452,56745,657
7452,56745,658
7452,56745,660
7452,56745,669
7452,56745,671
7328,56715,68
3367,54998,204
3367,54998,210
3367,54998,221
3367,54998,226
3367,54998,233
2727,54414,226
2727,54414,228
2727,54414,232
2727,54414,237
2727,54414,240
2727,54414,242
2727,54414,243
2727,54414,245
2727,54414,251
2727,54414,254
2727,54414,255
2727,54414,256
2728,54416,593
2728,54416,607
884,52374,263
884,52374,292
4840,55690,502
7582,56960,432
3105,54825,254
3105,54825,256
3105,54825,258
3105,54825,281
8276,57067,527
3387,54951,108
3387,54951,109
3387,54951,147
11051,58510,139
3170,54859,501
3170,54859,514
3170,54859,526
3170,54859,530
3170,54859,531
3170,54859,548
3170,54859,549
2486,53876,582
3122,54821,375
3122,54821,378
3122,54821,414
3122,54821,415
7332,56683,524
7332,56683,525
7332,56683,534
7332,56683,537
7332,56683,538
7332,56683,540
7332,56683,542
7332,56683,543
7332,56683,548
7332,56683,551
7332,56683,560
7332,56683,562
7332,56683,564
7332,56683,573
7332,56683,574
7332,56683,576
3956,55656,121
889,52663,310
1199,52703,574
8432,57834,311
1343,52790,527
3390,54945,57
3390,54945,61
3390,54945,81
3390,54945,95
3390,54945,111
1074,52937,82
2627,54379,358
2430,53815,233
2430,53815,250
2430,53815,327
2750,54242,632
3106,54738,165
3106,54738,177
2727,54414,262
2727,54414,264
2727,54414,268
2727,54414,274
2727,54414,275
2727,54414,294
2727,54414,297
2727,54414,308
2727,54414,309
2727,54414,312
2727,54414,317
2727,54414,321
2727,54414,332
2727,54414,346
2727,54414,348
2727,54414,356
2727,54414,362
7330,56684,284
7330,56684,286
7330,56684,290
7330,56684,303
7330,56684,306
7330,56684,312
7330,56684,321
7330,56684,329
7330,56684,330
7330,56684,332
7330,56684,336
7330,56684,337
12531,58932,507
7330,56684,453
7330,56684,456
7330,56684,457
7330,56684,465
7330,56684,470
7330,56684,471
7330,56684,477
7330,56684,486
7330,56684,490
7330,56684,492
7330,56684,498
7330,56684,499
7330,56684,500
7330,56684,503
7330,56684,505
7330,56684,507
4507,55564,779
2739,54618,218
2739,54618,263
2946,54506,92
2946,54506,110
2946,54506,122
2946,54506,176
2946,54506,178
7761,58071,444
2049,53350,300
2049,53350,303
2049,53350,335
2049,53350,351
2049,53350,352
2049,53350,365
1197,52668,573
8869,57481,852
12527,58930,600
4975,56037,306
4975,56037,353
5491,56034,180
3106,54738,334
3106,54738,348
3367,54998,633
1188,52650,77
5179,55957,107
3105,54825,198
3105,54825,205
3105,54825,214
3105,54825,222
11633,58463,234
2296,53735,432
1708,53503,345
1509,52942,550
278,51900,307
278,51900,319
278,51900,394
1510,52992,265
7333,56686,84
7333,56686,88
7333,56686,89
7333,56686,91
7333,56686,98
7333,56686,103
7333,56686,109
7333,56686,112
7333,56686,117
7333,56686,118
7333,56686,120
7333,56686,123
7333,56686,127
7333,56686,133
7333,56686,136
7333,56686,138
3380,54977,402
3380,54977,415
3380,54977,434
3115,54793,520
3115,54793,523
3115,54793,559
11047,58424,192
1197,52668,250
2594,54177,209
2915,54497,185
2915,54497,209
2915,54497,227
7452,56745,691
7452,56745,694
7452,56745,699
7452,56745,705
7452,56745,709
7452,56745,711
7452,56745,712
7452,56745,713
7452,56745,714
7452,56745,715
7452,56745,718
7452,56745,721
7452,56745,722
7452,56745,724
7452,56745,728
7452,56745,729
7452,56745,732
7452,56745,736
7452,56745,738
7452,56745,740
7452,56745,743
7452,56745,748
7452,56745,751
7452,56745,752
7452,56745,753
1816,53919,274
1816,53919,306
3123,54741,347
3123,54741,357
3123,54741,375
3123,54741,379
3123,54741,410
3123,54741,416
3123,54741,427
3123,54741,431
3123,54741,435
1496,52883,166
1496,52883,184
1496,52883,239
5486,56030,945
11633,58463,947
8057,57190,363
11324,58395,955
5491,56034,624
7452,56745,128
7452,56745,133
7452,56745,140
7452,56745,142
7452,56745,144
7452,56745,146
7452,56745,151
7452,56745,153
7452,56745,156
7452,56745,161
7452,56745,168
7452,56745,170
7452,56745,179
7452,56745,182
7452,56745,183
7452,56745,184
7452,56745,185
7452,56745,189
7452,56745,193
7452,56745,194
7452,56745,197
7452,56745,212
7452,56745,214
7452,56745,215
7452,56745,216
7452,56745,224
7452,56745,225
7452,56745,227
7452,56745,228
7452,56745,229
7452,56745,232
7452,56745,237
7452,56745,238
5161,55968,740
3326,54943,491
3326,54943,493
3326,54943,504
3326,54943,516
3326,54943,519
3326,54943,531
3326,54943,536
3326,54943,543
3326,54943,552
3326,54943,570
3326,54943,571
3326,54943,593
3326,54943,595
7583,56958,349
2049,53350,261
1430,53002,531
7084,56624,447
8738,57402,55
1496,52883,44
1496,52883,52
1496,52883,54
2112,53534,257
7330,56684,116
7330,56684,117
7330,56684,118
7330,56684,121
7330,56684,123
7330,56684,124
7330,56684,126
7330,56684,132
7330,56684,133
7330,56684,137
7330,56684,138
7330,56684,142
7330,56684,145
7330,56684,147
7330,56684,148
7330,56684,150
7330,56684,153
7330,56684,155
7330,56684,157
7330,56684,158
7330,56684,160
7330,56684,162
7330,56684,166
7330,56684,167
7330,56684,168
7330,56684,230
7330,56684,232
7330,56684,238
7330,56684,239
7330,56684,240
7330,56684,251
7330,56684,252
7330,56684,254
7330,56684,256
7330,56684,261
7330,56684,262
7330,56684,269
7330,56684,273
7330,56684,274
7330,56684,278
7330,56684,281
7330,56684,282
7330,56684,283
3373,54940,266
3373,54940,279
3373,54940,293
3373,54940,294
2729,54419,461
273,51957,340
1812,53795,89
7404,56776,668
882,52370,138
2085,53379,428
2085,53379,465
2397,53763,98
3380,54977,185
3380,54977,193
2946,54506,257
2946,54506,259
2946,54506,266
2946,54506,290
9369,58054,199
1108,53227,94
1766,53468,379
4199,55481,54
6151,56265,196
10726,58199,278
274,51913,236
274,51913,304
12545,58930,903
3375,55003,451
3375,55003,470
3375,55003,476
3375,55003,479
3375,55003,483
3375,55003,491
1193,52652,624
7639,57297,210
881,52368,400
3105,54825,409
3105,54825,415
3105,54825,417
3105,54825,420
3105,54825,427
3105,54825,445
3105,54825,447
3105,54825,450
7333,56686,987
7333,56686,995
7333,56686,997
7333,56686,999
1500,53730,205
1501,53740,193
894,52615,40
894,52615,55
2744,54272,156
3380,54977,66
3380,54977,87
3380,54977,90
3380,54977,94
3380,54977,110
2424,54448,384
894,52615,218
2627,54379,289
2627,54379,308
2627,54379,318
9369,58054,361
7452,56745,801
7452,56745,802
7452,56745,803
7452,56745,805
7452,56745,810
7452,56745,811
7452,56745,812
7452,56745,816
7452,56745,821
7452,56745,828
7452,56745,829
7452,56745,834
7452,56745,835
7452,56745,837
7452,56745,840
7452,56745,843
7452,56745,845
7452,56745,846
7452,56745,850
7452,56745,861
7452,56745,864
7452,56745,869
7452,56745,884
7452,56745,891
7452,56745,892
7452,56745,894
7452,56745,897
7452,56745,898
7452,56745,900
7452,56745,903
2727,54414,148
2727,54414,149
2727,54414,156
2727,54414,166
2727,54414,167
2727,54414,172
2727,54414,176
2727,54414,179
2727,54414,183
2727,54414,189
2727,54414,195
3367,54998,387
3367,54998,390
3367,54998,393
3367,54998,395
3367,54998,409
3367,54998,415
3106,54738,253
3106,54738,255
3106,54738,260
3106,54738,268
12525,58932,584
3362,54939,459
3362,54939,467
3362,54939,482
3362,54939,490
3362,54939,493
3362,54939,494
3362,54939,497
4872,55944,488
2724,54616,463
2724,54616,484
3373,54940,546
3373,54940,555
3373,54940,560
3373,54940,565
3373,54940,574
3373,54940,583
3373,54940,584
3373,54940,589
3373,54940,598
3373,54940,599
582,52045,57
1501,53740,314
1501,53740,327
1501,53740,333
3377,54950,326
3377,54950,333
3377,54950,351
3377,54950,358
7643,57302,974
7333,56686,5
7333,56686,10
7333,56686,12
7333,56686,13
7333,56686,14
7333,56686,16
7333,56686,18
7333,56686,19
7333,56686,23
417,51821,320
1675,53466,637
11042,58462,630
3387,54951,571
3387,54951,587
3387,54951,592
3387,54951,601
3387,54951,612
3387,54951,616
3387,54951,628
3387,54951,632
3387,54951,637
3388,54947,6
3388,54947,8
7027,56448,12
2417,53766,44
2417,53766,54
3362,54939,61
3362,54939,62
3362,54939,64
3362,54939,66
3362,54939,72
3362,54939,103
3362,54939,108
2727,54414,33
2727,54414,39
2727,54414,44
2727,54414,53
2727,54414,56
2727,54414,57
5491,56034,414
3121,54749,48
3121,54749,53
3121,54749,64
3121,54749,67
3121,54749,69
3121,54749,76
3121,54749,87
1198,52669,315
8868,57781,436
9368,57817,612
2624,54380,204
2624,54380,210
2624,54380,215
2624,54380,231
2624,54380,236
1495,52944,538
1495,52944,545
1495,52944,546
5471,56034,410
1501,53740,486
1501,53740,489
1501,53740,493
1501,53740,515
275,51910,268
1372,53062,627
6295,56536,257
3115,54793,588
3115,54793,604
3115,54793,606
3115,54793,609
3115,54793,613
12545,58930,119
3384,54948,386
3384,54948,390
3384,54948,391
3384,54948,404
3384,54948,411
3384,54948,412
3384,54948,415
3384,54948,419
267,51608,128
3386,54952,524
3386,54952,527
3386,54952,537
3327,54951,353
3327,54951,359
3327,54951,361
3327,54951,390
3327,54951,404
3293,54921,38
3293,54921,46
3293,54921,69
3293,54921,76
3293,54921,84
3293,54921,91
3293,54921,99
3293,54921,116
11344,58438,147
8285,57048,567
3367,54998,429
3367,54998,432
3367,54998,433
3367,54998,434
3367,54998,447
3367,54998,451
3367,54998,452
3373,54940,408
3373,54940,413
8280,57061,406
269,51910,422
7331,56658,997
7331,56658,998
7332,56683,6
7332,56683,11
7332,56683,12
7332,56683,17
7332,56683,19
7332,56683,21
7332,56683,22
7332,56683,28
7332,56683,29
7332,56683,34
7332,56683,37
7332,56683,39
7332,56683,44
7332,56683,45
7332,56683,47
7332,56683,48
7332,56683,52
7332,56683,53
7332,56683,54
7332,56683,60
7332,56683,61
7332,56683,62
7332,56683,65
7332,56683,67
7332,56683,68
7332,56683,71
7332,56683,73
7332,56683,75
2122,54178,460
8284,57419,679
3380,54977,206
1195,52724,427
2121,54180,15
2798,54397,165
2798,54397,169
2798,54397,187
2798,54397,198
2798,54397,222
2798,54397,238
2798,54397,246
2798,54397,252
2798,54397,258
2798,54397,263
3123,54741,35
3123,54741,38
3123,54741,47
3123,54741,50
3123,54741,55
3123,54741,75
3123,54741,85
3123,54741,108
1507,53763,515
1507,53763,542
2419,54139,530
7317,56992,363
7317,56992,365
3105,54825,66
3105,54825,67
3105,54825,87
3105,54825,105
575,52319,630
2422,54096,63
7331,56658,406
7331,56658,416
7331,56658,420
7331,56658,424
7331,56658,426
7331,56658,437
7331,56658,438
7331,56658,441
7331,56658,443
7331,56658,446
7331,56658,447
7331,56658,448
7331,56658,453
7331,56658,455
7331,56658,456
3384,54948,91
3384,54948,104
3384,54948,105
3384,54948,106
3384,54948,116
3384,54948,133
3384,54948,135
3384,54948,136
3384,54948,139
1501,53740,13
1501,53740,47
2696,54167,441
2696,54167,454
2696,54167,457
2696,54167,462
2696,54167,463
2696,54167,464
2696,54167,470
2696,54167,473
2696,54167,476
2696,54167,477
2696,54167,483
2696,54167,490
2696,54167,498
2696,54167,502
2696,54167,503
2696,54167,504
2696,54167,510
2696,54167,515
2696,54167,530
2696,54167,533
2696,54167,535
7329,56719,520
4881,55733,33
3387,54951,491
3387,54951,495
3387,54951,497
3387,54951,499
2628,54326,24
2628,54326,53
3327,54951,414
3327,54951,428
3327,54951,443
3327,54951,448
3327,54951,454
1344,52792,330
3293,54921,160
3293,54921,169
3293,54921,171
3293,54921,174
3293,54921,191
3293,54921,194
1188,52650,26
1188,52650,45
1188,52650,54
2296,53735,7
2945,54505,270
2945,54505,297
2945,54505,342
2945,54505,353
267,51608,75
10720,58250,126
7330,56684,732
7330,56684,733
7330,56684,736
7330,56684,742
7330,56684,743
7330,56684,746
7330,56684,747
7330,56684,751
7330,56684,755
7330,56684,756
7330,56684,758
7330,56684,759
7330,56684,762
7330,56684,765
7330,56684,766
7330,56684,776
7330,56684,779
7330,56684,783
7330,56684,784
7328,56715,560
3105,54825,584
3105,54825,587
3105,54825,590
3105,54825,597
3105,54825,612
1509,52942,90
1200,52668,572
1200,52668,596
3122,54821,428
3122,54821,429
3122,54821,431
3122,54821,444
3122,54821,473
3122,54821,476
3122,54821,501
3122,54821,505
3122,54821,510
3122,54821,523
3380,54977,452
3380,54977,467
3380,54977,469
3380,54977,473
3380,54977,489
3380,54977,502
5162,55893,333
1506,53003,589
2419,54139,388
5492,56010,300
7717,58100,83
1074,52937,187
1074,52937,206
1074,52937,209
1074,52937,239
3327,54951,529
3327,54951,531
3327,54951,546
3327,54951,548
