plate,mjd,fiberid
3327,54951,550
3327,54951,551
3327,54951,561
3327,54951,564
3327,54951,569
3327,54951,570
1495,52944,593
3384,54948,265
3384,54948,266
3384,54948,299
3384,54948,311
3386,54952,346
3386,54952,350
3386,54952,354
3386,54952,368
3386,54952,373
3386,54952,392
3386,54952,399
270,51909,73
3954,55680,416
2914,54533,494
2914,54533,530
2914,54533,557
2914,54533,567
2914,54533,578
2914,54533,579
1201,52674,26
9178,58081,283
3122,54821,307
3122,54821,313
3122,54821,318
3122,54821,350
3122,54821,352
3122,54821,353
3122,54821,360
3327,54951,75
3327,54951,97
3327,54951,102
3327,54951,105
3327,54951,122
3327,54951,132
3327,54951,141
3327,54951,148
3327,54951,175
3327,54951,180
5473,56033,27
6658,56606,558
1108,53227,166
1108,53227,172
2427,53815,346
3106,54738,508
3106,54738,519
2697,54389,455
1474,52933,597
1474,52933,632
1475,52903,26
1475,52903,37
7453,56749,179
7453,56749,182
7453,56749,186
7453,56749,189
7453,56749,190
7453,56749,193
7453,56749,196
7453,56749,197
7453,56749,198
7453,56749,206
7453,56749,209
7453,56749,212
7453,56749,213
7453,56749,215
7453,56749,219
7453,56749,223
7453,56749,228
7453,56749,229
7453,56749,236
7453,56749,241
7453,56749,246
4881,55733,359
10437,58135,67
7644,57327,304
7644,57327,398
11633,58463,578
2724,54616,519
2724,54616,539
2724,54616,548
2724,54616,370
2724,54616,428
2724,54616,442
3373,54940,324
3373,54940,331
3373,54940,333
3373,54940,335
2945,54505,551
2945,54505,572
2945,54505,597
7404,56776,752
7404,56776,829
276,51909,40
276,51909,47
2696,54167,318
2696,54167,324
2696,54167,328
2696,54167,331
2696,54167,333
2696,54167,335
2696,54167,342
2696,54167,344
2696,54167,351
2696,54167,363
2696,54167,378
2696,54167,382
2696,54167,396
2696,54167,406
2696,54167,417
2696,54167,418
2696,54167,424
2696,54167,425
2431,53818,25
2946,54506,188
2946,54506,204
2946,54506,216
2946,54506,217
2946,54506,233
2397,53763,628
5162,55893,290
1107,52968,618
1108,53227,46
1108,53227,57
4095,55497,902
1508,52944,552
1508,52944,598
1508,52944,625
1508,52944,634
3122,54821,209
3122,54821,215
3122,54821,217
304,51609,419
7330,56684,12
7330,56684,13
7330,56684,16
7330,56684,17
7330,56684,19
7330,56684,23
7330,56684,26
7330,56684,27
7330,56684,28
7330,56684,30
7330,56684,31
7330,56684,33
7330,56684,39
3367,54998,113
3367,54998,116
3367,54998,118
3367,54998,139
882,52370,213
5486,56030,864
3106,54738,568
3106,54738,575
3106,54738,580
1191,52674,28
6294,56482,848
3106,54738,138
3106,54738,148
3106,54738,150
2085,53379,539
2397,53763,218
276,51909,625
277,51908,76
3377,54950,196
3377,54950,215
3377,54950,222
3377,54950,232
3377,54950,233
3377,54950,234
3377,54950,246
5493,56009,32
584,52049,126
7452,56745,463
7452,56745,467
7452,56745,470
7452,56745,474
7452,56745,476
7452,56745,478
7452,56745,481
7452,56745,498
7452,56745,499
7452,56745,510
7452,56745,514
7452,56745,515
7452,56745,517
7452,56745,525
7452,56745,527
7452,56745,528
7452,56745,531
7452,56745,537
7452,56745,542
7452,56745,543
7452,56745,546
7452,56745,548
7636,56989,587
7636,56989,647
1201,52674,337
7852,56987,47
5162,55893,598
10263,58464,599
1882,53262,392
1882,53262,457
1882,53262,466
1882,53262,470
1882,53262,490
2799,54368,79
2799,54368,162
2799,54368,166
2799,54368,175
3171,54862,172
3171,54862,192
3171,54862,195
3171,54862,204
3171,54862,208
3171,54862,211
3171,54862,213
3171,54862,215
10234,58153,712
1803,54152,359
4507,55564,605
2624,54380,250
2624,54380,262
2624,54380,266
2624,54380,273
7332,56683,918
7332,56683,922
7332,56683,923
7332,56683,932
7332,56683,933
7332,56683,943
7332,56683,944
7332,56683,946
7332,56683,948
7332,56683,950
7332,56683,952
7332,56683,953
7332,56683,959
7332,56683,961
7332,56683,963
7332,56683,964
7332,56683,965
7332,56683,968
7332,56683,971
2748,54234,52
3326,54943,383
3326,54943,387
3326,54943,391
3326,54943,398
3326,54943,401
3326,54943,407
3326,54943,415
3326,54943,420
3326,54943,421
3326,54943,447
3326,54943,459
2049,53350,54
2049,53350,70
2049,53350,79
2049,53350,89
2049,53350,91
2049,53350,141
2419,54139,147
933,52642,359
933,52642,399
11047,58424,760
3387,54951,538
3387,54951,540
3121,54749,507
3121,54749,523
3121,54749,529
3121,54749,530
583,52055,62
2697,54389,389
10726,58199,720
3109,54833,36
3109,54833,50
3109,54833,54
3109,54833,73
3109,54833,81
3171,54862,293
3171,54862,304
3171,54862,309
3171,54862,314
3171,54862,335
3171,54862,338
3171,54862,347
3171,54862,351
3171,54862,364
3171,54862,368
3171,54862,370
2417,53766,528
6408,56329,758
3368,54954,572
3368,54954,590
3368,54954,599
3368,54954,607
3368,54954,610
3368,54954,615
3115,54793,451
3115,54793,462
3115,54793,465
3115,54793,468
3115,54793,470
3115,54793,471
3115,54793,476
3115,54793,485
3115,54793,486
3115,54793,487
3115,54793,495
3115,54793,504
3326,54943,266
3326,54943,269
3326,54943,270
3326,54943,287
7331,56658,740
7331,56658,756
7331,56658,760
7331,56658,766
7331,56658,771
7331,56658,776
7331,56658,782
6150,56187,592
1107,52968,541
1107,52968,554
1107,52968,559
3368,54954,128
3368,54954,146
3368,54954,154
3368,54954,158
3368,54954,167
3368,54954,173
3368,54954,180
3368,54954,186
3368,54954,198
3368,54954,231
2419,54139,220
9153,58022,98
3171,54862,59
3171,54862,69
3171,54862,71
3171,54862,90
3171,54862,107
3171,54862,111
3171,54862,112
3171,54862,122
3171,54862,132
3171,54862,134
3171,54862,144
3171,54862,145
3171,54862,155
3171,54862,166
2915,54497,518
2915,54497,540
2915,54497,551
2915,54497,557
2915,54497,584
2915,54497,590
2915,54497,605
8285,57048,299
1108,53227,581
1108,53227,600
1108,53227,637
2858,54498,540
2858,54498,545
3362,54939,630
3362,54939,637
3367,54998,18
1496,52883,24
2418,53794,265
8730,57672,54
1190,52670,465
3368,54954,349
3368,54954,351
3368,54954,367
3368,54954,374
3368,54954,386
9171,58068,710
1505,52941,530
3114,54773,124
4786,55651,392
3121,54749,591
3121,54749,605
3121,54749,611
3121,54749,612
3122,54821,18
3122,54821,39
3122,54821,51
1189,52668,514
1189,52668,567
7329,56719,140
2487,53852,31
2424,54448,308
2116,53854,608
7333,56686,645
7333,56686,648
7333,56686,649
7333,56686,650
7333,56686,665
7333,56686,669
7333,56686,672
7333,56686,674
7333,56686,677
7333,56686,686
7333,56686,694
7333,56686,695
7333,56686,696
8736,57400,1000
2798,54397,283
2798,54397,286
2798,54397,325
2798,54397,330
2798,54397,336
2798,54397,339
741,52261,128
2915,54497,409
2915,54497,419
2915,54497,426
2915,54497,440
2915,54497,467
2915,54497,468
2915,54497,484
5068,55749,631
5068,55749,634
1813,53903,581
1191,52674,132
3388,54947,130
3388,54947,131
3388,54947,134
3388,54947,151
3388,54947,166
3388,54947,174
3388,54947,213
3388,54947,229
8365,57450,232
5335,56013,308
6206,56245,172
10227,58224,469
881,52368,523
5486,56030,572
2417,53766,504
2417,53766,518
2417,53766,524
9547,57806,75
9171,58068,96
3110,54747,539
3110,54747,541
3110,54747,555
2114,53848,346
2742,54233,41
2742,54233,61
8060,57894,900
2624,54380,382
2049,53350,30
277,51908,626
3387,54951,277
3387,54951,279
3387,54951,280
3387,54951,300
3387,54951,303
3387,54951,305
3387,54951,325
3387,54951,326
417,51821,640
2266,53679,502
3292,54943,575
3292,54943,581
3292,54943,588
3292,54943,592
3292,54943,608
3292,54943,611
3292,54943,625
3292,54943,635
3292,54943,637
3293,54921,3
3293,54921,5
3293,54921,10
3000,54892,623
6369,56217,169
6369,56217,201
5407,55926,262
3327,54951,300
3327,54951,308
3327,54951,309
3327,54951,310
3327,54951,313
3327,54951,335
3327,54951,340
3327,54951,348
3327,54951,349
4843,55860,7
3386,54952,627
3386,54952,630
3386,54952,631
3386,54952,637
3387,54951,6
3387,54951,10
3387,54951,15
3387,54951,20
3387,54951,22
3387,54951,30
3387,54951,34
3387,54951,49
3387,54951,56
3387,54951,62
3387,54951,87
7700,58016,597
2214,53794,199
6530,56537,560
6530,56537,579
6530,56537,634
11653,58526,808
3106,54738,223
3106,54738,233
3106,54738,241
3106,54738,245
3106,54738,246
3367,54998,501
3367,54998,508
3367,54998,522
3367,54998,534
1190,52670,72
2728,54416,36
266,51630,38
10000,58462,32
2724,54616,79
3362,54939,126
3362,54939,161
1495,52944,462
2394,54551,577
2394,54551,578
7331,56658,463
7331,56658,470
7331,56658,475
7331,56658,476
7331,56658,477
7331,56658,479
7331,56658,480
7331,56658,481
7331,56658,482
7331,56658,484
7331,56658,485
7331,56658,489
7331,56658,493
7331,56658,495
7331,56658,499
7331,56658,502
7331,56658,506
7331,56658,512
3367,54998,154
3367,54998,179
3367,54998,183
3367,54998,187
3367,54998,191
3112,54802,215
3112,54802,216
3112,54802,219
3112,54802,222
3112,54802,238
3112,54802,249
3112,54802,250
1501,53740,294
3170,54859,620
3170,54859,626
3170,54859,633
3171,54862,2
3171,54862,17
3171,54862,19
3171,54862,29
3171,54862,35
3171,54862,37
3171,54862,42
3171,54862,52
3171,54862,56
3121,54749,100
3121,54749,121
470,51929,425
1907,53315,406
1907,53315,412
6369,56217,647
2050,53401,217
2050,53401,226
2050,53401,228
2050,53401,307
7644,57327,417
7644,57327,440
7644,57327,464
7644,57327,466
7644,57327,472
7644,57327,480
7644,57327,484
7644,57327,493
2724,54616,626
2727,54414,4
2727,54414,10
2727,54414,11
2727,54414,18
3106,54738,54
3106,54738,75
1496,52883,499
1496,52883,528
7329,56719,146
3111,54800,444
3111,54800,475
1507,53763,211
1507,53763,234
7639,57297,722
266,51630,591
266,51630,620
11634,58484,257
2748,54234,339
7674,57359,126
5714,56660,508
2750,54242,354
1201,52674,173
8060,57894,186
1373,53063,262
713,52178,234
2627,54379,488
2627,54379,512
2627,54379,578
5991,56076,396
4842,55867,751
1108,53227,403
1108,53227,434
1497,52886,589
1497,52886,624
2169,53556,125
2169,53556,193
2399,53764,328
2399,53764,348
2399,53764,367
2399,53764,377
2399,53764,393
2399,53764,404
7453,56749,365
7453,56749,379
7453,56749,380
7453,56749,396
7453,56749,398
7453,56749,411
7453,56749,413
7453,56749,418
7453,56749,419
7453,56749,423
7453,56749,428
7453,56749,429
7453,56749,431
7453,56749,436
7453,56749,438
7453,56749,455
7453,56749,457
7453,56749,461
7453,56749,470
7453,56749,471
1473,52908,188
1473,52908,219
7315,56685,406
3374,54948,247
3374,54948,248
3374,54948,261
3374,54948,262
3374,54948,433
3374,54948,438
3374,54948,451
3374,54948,462
3374,54948,486
3374,54948,490
3374,54948,500
3374,54948,509
3110,54747,508
3110,54747,511
3386,54952,177
3386,54952,179
3386,54952,202
3386,54952,204
3386,54952,207
3386,54952,209
3386,54952,232
1990,53472,362
791,52435,322
3170,54859,591
3170,54859,594
3170,54859,607
3170,54859,611
2914,54533,606
2914,54533,609
2914,54533,627
2915,54497,16
2915,54497,25
2915,54497,30
2915,54497,61
4471,55617,784
1394,53108,497
1735,53035,418
267,51608,293
267,51608,308
2086,53401,621
2087,53415,44
11085,58462,493
1198,52669,443
891,52584,586
11085,58462,606
11085,58462,630
11085,58462,703
8283,57064,163
7643,57302,723
7643,57302,741
8871,57519,276
2628,54326,75
2628,54326,83
2628,54326,98
2628,54326,144
2628,54326,167
7317,56992,660
2399,53764,95
2399,53764,116
2399,53764,139
2399,53764,162
471,51924,32
471,51924,39
471,51924,56
471,51924,90
7764,58042,533
7764,58042,567
7764,58042,620
7764,58042,645
7764,58042,646
3362,54939,525
3362,54939,526
3362,54939,535
3362,54939,546
828,52317,18
7582,56960,56
11649,58514,928
11649,58514,938
3380,54977,225
3380,54977,235
3380,54977,243
3380,54977,245
3380,54977,247
3380,54977,249
3380,54977,252
3380,54977,253
3380,54977,260
3380,54977,264
3380,54977,265
3380,54977,274
3380,54977,279
3387,54951,154
3387,54951,186
3390,54945,417
3390,54945,432
3390,54945,457
3390,54945,462
3390,54945,465
3390,54945,496
2624,54380,587
2624,54380,606
580,52368,416
3121,54749,419
3121,54749,420
3121,54749,422
3121,54749,443
3121,54749,446
3121,54749,460
3121,54749,469
4199,55481,303
3327,54951,193
3327,54951,206
3327,54951,212
3327,54951,217
3327,54951,220
3327,54951,235
3327,54951,248
3327,54951,255
3327,54951,288
3327,54951,291
3327,54951,292
3327,54951,293
3327,54951,294
1474,52933,126
1474,52933,180
2398,53768,335
791,52435,624
792,52353,1
1507,53763,80
1507,53763,83
1507,53763,126
6112,56191,28
2240,53823,76
3328,54964,115
3328,54964,138
3328,54964,139
3328,54964,153
3328,54964,165
3328,54964,176
3328,54964,197
3328,54964,198
3328,54964,211
6503,56564,872
6409,56306,368
3121,54749,36
6413,56336,716
6116,56245,666
3374,54948,82
3374,54948,83
3374,54948,95
3374,54948,110
7330,56684,973
7330,56684,978
7330,56684,979
7330,56684,982
7330,56684,988
7330,56684,992
7331,56658,1
7331,56658,2
7331,56658,5
7331,56658,6
7331,56658,9
3106,54738,627
3109,54833,8
7330,56684,1
1506,53003,530
2624,54380,472
2624,54380,491
2624,54380,497
2624,54380,514
2696,54167,205
2696,54167,210
2696,54167,211
2696,54167,213
2696,54167,233
2696,54167,240
2696,54167,269
2696,54167,273
2696,54167,279
2696,54167,285
2696,54167,291
2696,54167,292
5472,55976,430
5472,55976,492
11052,58438,187
6323,56189,814
6323,56189,842
741,52261,14
2946,54506,528
7289,57039,826
470,51929,371
1508,52944,354
2560,54205,214
2560,54205,289
2322,53727,614
2322,53727,635
5132,55858,523
8506,57893,186
2628,54326,438
2628,54326,471
2628,54326,473
2628,54326,499
7453,56749,514
7453,56749,515
7453,56749,520
7453,56749,532
7453,56749,536
7453,56749,537
7453,56749,540
7453,56749,543
7453,56749,546
7453,56749,547
7453,56749,559
7453,56749,563
7453,56749,564
5486,56030,110
1495,52944,63
1495,52944,97
4094,55481,869
4094,55481,900
1050,52721,525
8868,57781,265
1507,53763,579
1507,53763,605
10232,58223,338
3386,54952,9
3386,54952,11
3386,54952,13
4095,55497,364
3106,54738,280
3106,54738,282
3106,54738,289
4508,55600,912
5472,55976,216
5472,55976,218
304,51609,224
3114,54773,589
3114,54773,590
3114,54773,597
3114,54773,603
3114,54773,607
1196,52733,233
1196,52733,252
892,52378,313
892,52378,322
892,52378,331
7405,57134,430
2352,53770,581
3000,54843,543
3368,54954,459
3368,54954,485
3368,54954,510
3368,54954,519
3368,54954,533
3368,54954,551
3368,54954,552
7317,56992,237
7317,56992,298
8736,57400,408
3121,54749,286
3121,54749,289
3121,54749,325
2858,54498,557
7330,56684,350
7330,56684,351
7330,56684,356
7330,56684,358
7330,56684,359
7330,56684,360
7330,56684,361
7330,56684,362
7330,56684,364
7330,56684,365
7330,56684,367
7330,56684,368
7330,56684,369
7330,56684,377
7330,56684,379
7330,56684,382
7330,56684,387
7330,56684,393
7330,56684,394
7330,56684,395
7330,56684,396
7330,56684,400
7330,56684,401
7328,56715,132
2624,54380,86
2624,54380,122
2624,54380,146
2624,54380,147
2624,54380,150
2624,54380,152
2624,54380,154
2624,54380,161
2624,54380,181
2624,54380,184
1371,52821,572
3326,54943,68
3326,54943,113
3326,54943,115
3326,54943,130
3326,54943,131
3326,54943,148
3326,54943,152
7404,56776,394
7315,56685,610
1188,52650,630
8276,57067,579
9222,57680,203
3388,54947,469
7333,56686,532
7333,56686,537
7333,56686,543
7333,56686,549
7333,56686,555
7333,56686,559
7333,56686,566
7333,56686,570
7333,56686,579
7333,56686,587
3384,54948,206
3384,54948,227
3384,54948,244
11343,58430,373
5047,55833,624
5047,55833,641
5047,55833,658
4842,55867,830
792,52353,40
2120,53852,239
2120,53852,256
1676,53147,317
3247,54888,89
3247,54888,94
3247,54888,102
3247,54888,104
